ENSEMBL	P.Value	logFC	adj.P.Val
ENSG00000165949	1.73E-29	3.30874711661826	4.21E-25
ENSG00000076864	3.26E-21	2.82486078609403	2.65E-17
ENSG00000144820	4.01E-19	5.60061645798222	2.44E-15
ENSG00000134321	1.91E-17	1.72104412258727	9.31E-14
ENSG00000137959	6.70E-17	1.72438264031942	2.72E-13
ENSG00000012223	1.95E-15	1.68424994864264	6.80E-12
ENSG00000132465	2.81E-15	1.57593032754633	8.56E-12
ENSG00000158578	5.07E-15	1.54090146976028	1.37E-11
ENSG00000142089	2.04E-14	1.57764265334591	4.96E-11
ENSG00000118113	3.48E-14	2.02298905970397	7.06E-11
ENSG00000180537	3.19E-14	1.6575288569504	7.06E-11
ENSG00000239839	1.09E-11	2.02673578973634	1.77E-08
ENSG00000285176	1.08948997484432E-11	2.02673578973634	1.76962224980714E-08
ENSG00000206047	1.08948997484432E-11	2.02673578973634	1.76962224980714E-08
ENSG00000185745	1.44661853428237E-11	1.33800999284925	2.20283837307847E-08
ENSG00000254709	4.37944323565422E-11	1.30500873496177	6.27651499961643E-08
ENSG00000111331	1.95094336177407E-10	1.25224047067815	2.64071022590352E-07
ENSG00000167034	3.5505486088434E-10	-1.43503462830439	4.55292454241372E-07
ENSG00000102837	4.46081991189324E-10	1.92969400679481	5.43417081666834E-07
ENSG00000134326	6.09303330867711E-10	1.2982721136224	7.06907921583853E-07
ENSG00000129824	1.7301450904517E-09	-1.13475268903063	1.9160570447166E-06
ENSG00000137965	3.76366387994056E-09	1.19739217480387	3.98686551177703E-06
ENSG00000157601	9.7425304075636E-09	1.12340779954126	9.89029211874498E-06
ENSG00000270641	1.08213263377146E-08	1.10792384986608	1.05460317956832E-05
ENSG00000088827	1.14970780772017E-08	1.29712248941571	1.07736465489593E-05
ENSG00000048462	1.19829007913851E-08	1.44682855788917	1.08130146252336E-05
ENSG00000148346	1.28379252982651E-08	1.25519173613682	1.11708289988189E-05
ENSG00000133742	4.31211246674279E-08	1.07548685164331	3.62276924619728E-05
ENSG00000170476	4.77441635133672E-08	1.31027140762318	3.87746266613226E-05
ENSG00000164821	5.01127606571548E-08	1.28890137087701	3.93853967951909E-05
ENSG00000124102	6.37727577752373E-08	-1.02763289564572	4.85549834511213E-05
ENSG00000012817	7.37852937991035E-08	-1.12803705697515	5.28736734741576E-05
ENSG00000215580	7.24357675710931E-08	-1.53119290875176	5.28736734741576E-05
ENSG00000229807	1.12261885058428E-07	1.0219266281732	7.8147101930387E-05
ENSG00000119917	1.24939460201987E-07	1.0312970065133	8.45562502322557E-05
ENSG00000213934	1.7001894349056E-07	1.28311142467537	0.000111955176735244
ENSG00000171848	3.62625292564816E-07	1.13718556528629	0.000232500069159189
ENSG00000099725	4.04351951127037E-07	-1.01224827978972	0.000252605921468183
ENSG00000187608	5.25661460478459E-07	1.10371253638256	0.000320180395577429
ENSG00000089127	5.9729089969522E-07	0.974048437729671	0.000354936475126203
ENSG00000124469	6.21498729671843E-07	1.32834871782368	0.000360528453564876
ENSG00000133106	7.30699422563645E-07	1.01193160133637	0.000414017691426527
ENSG00000060709	8.16378928561028E-07	3.84922448028033	0.000452051277624111
ENSG00000239264	1.19283996723959E-06	0.956054623297966	0.000645830065818343
ENSG00000149131	1.73231208638425E-06	1.00708766662209	0.000913793724374467
ENSG00000160307	1.76277725519619E-06	-1.00062035472065	0.000913793724374467
ENSG00000182013	1.90804099399875E-06	3.09853933886738	0.000952868361715534
ENSG00000197385	1.91637455771061E-06	1.40325234542295	0.000952868361715534
ENSG00000139610	2.46024908620932E-06	-1.5359871905155	0.00119883017472808
ENSG00000130202	2.95834653241238E-06	1.38888367741433	0.00141327754736657
ENSG00000126709	4.35509400533614E-06	0.947705138877656	0.00204052904511557
ENSG00000179869	4.52131451673241E-06	1.42722565179316	0.00207843975255978
ENSG00000067048	4.88453588967663E-06	-0.884746016521442	0.00220383022992743
ENSG00000171241	5.21973210920717E-06	1.5542867750716	0.00230381913705303
ENSG00000233864	5.29526644536896E-06	-1.07026625819429	0.00230381913705303
ENSG00000114374	6.26058168638765E-06	-0.895624091400728	0.00267601424924822
ENSG00000101425	6.50855165315728E-06	1.11991824532161	0.00273404055995731
ENSG00000146858	1.03808106618525E-05	2.47261991805662	0.00428674696551481
ENSG00000047597	1.15401574001246E-05	0.863515259671194	0.00468607324827728
ENSG00000175063	1.31176751642054E-05	1.58695951435162	0.00515482318872098
ENSG00000184106	1.30498643428527E-05	1.33128755818064	0.00515482318872098
ENSG00000160602	1.38394104998664E-05	1.67555667199246	0.0052684905846679
ENSG00000137267	1.43973603833734E-05	-1.41692578062072	0.00539657366739244
ENSG00000134545	1.46774913496645E-05	-1.13154086210286	0.00541821817035191
ENSG00000115884	1.62533381310827E-05	4.82539665415905	0.00591039298844326
ENSG00000086548	1.78312807439056E-05	1.59530108397268	0.00638884300065463
ENSG00000117834	2.1565705127037E-05	-1.43698604581915	0.00761488173500188
ENSG00000143416	2.40146743277518E-05	0.873230109426236	0.00835847893316208
ENSG00000146426	2.53635677041614E-05	-0.999352525477618	0.00870363328935475
ENSG00000103355	2.66333287918125E-05	-1.08523120275405	0.00901242253727388
ENSG00000187621	2.77148633397135E-05	1.78756224270182	0.00912493149201053
ENSG00000111206	2.7422094362756E-05	1.21062796448031	0.00912493149201053
ENSG00000074803	2.82781616236502E-05	-1.12625639491183	0.00918625506398151
ENSG00000011590	2.91325245492253E-05	2.01477963181569	0.00933927405417532
ENSG00000168824	3.06303689343497E-05	-0.85667406478597	0.00969192608722723
ENSG00000183878	3.11655746009162E-05	-0.805159251145818	0.00973484691765028
ENSG00000213512	3.23386540531443E-05	1.54086372780607	0.00997340465001022
ENSG00000167633	3.91951429652442E-05	-1.10752296240822	0.0119368807900651
ENSG00000091129	4.40535396989431E-05	-1.039776312129	0.0132508696447537
ENSG00000004939	4.46838714354151E-05	0.784883643225928	0.0132765590689324
ENSG00000165730	5.33533970111297E-05	-1.85594125729775	0.0156614718648092
ENSG00000118473	5.71160542841387E-05	1.38157110294436	0.0163714770185736
ENSG00000132530	5.6528883856588E-05	0.783396109730065	0.0163714770185736
ENSG00000143603	6.954137377302E-05	4.61463800975978	0.0197012329140216
ENSG00000171574	7.13417721883573E-05	-1.08319277330275	0.01997897629422
ENSG00000141469	7.45489084942125E-05	0.782897097341842	0.0206398818926477
ENSG00000188175	8.20563336082414E-05	1.13226513663156	0.0224631518205752
ENSG00000099958	8.89205061177334E-05	1.11826443521331	0.024071769011694
ENSG00000145107	9.69703260081589E-05	-1.63199788442495	0.0259624727787119
ENSG00000196188	0.000100044170291232	1.15027659658111	0.0262094211287696
ENSG00000050165	9.92478214697121E-05	-1.57035596621572	0.0262094211287696
ENSG00000178445	0.000103616752724864	2.85818112024468	0.0265738796146166
ENSG00000198692	0.000102572904776306	-0.761968758144756	0.0265738796146166
ENSG00000168379	0.000109538588279597	1.15006286669461	0.0277999808837927
ENSG00000188313	0.000111348269729088	0.779586425944105	0.0279679303472114
ENSG00000123095	0.000128099286943034	1.14612201134053	0.0318470512967355
ENSG00000164047	0.000142845828428716	0.891658043100073	0.0340948703800887
ENSG00000160932	0.000143190084783767	0.790785818936712	0.0340948703800887
ENSG00000163682	0.000145537125247465	-0.773953725105387	0.0340948703800887
ENSG00000227051	0.00014113535389508	-1.0519303797378	0.0340948703800887
ENSG00000131459	0.00014493758959878	-2.41733048794037	0.0340948703800887
ENSG00000277656	0.000147979672190585	-1.13209455745449	0.0343369212690612
ENSG00000112139	0.000163799917237822	1.5986437036273	0.0376492564488895
ENSG00000171101	0.00017943633019145	-0.840668583771164	0.040857820082098
ENSG00000123689	0.00018425532150766	1.5554560545808	0.0415666356778948
ENSG00000096006	0.000186900279074507	1.11202717189964	0.0417764990768009
ENSG00000119922	0.000198783916764881	0.717373969974222	0.0440288304369051
ENSG00000174469	0.000213112216700661	0.884771083027	0.0465411067639767
ENSG00000169330	0.000215177476941822	-1.12720518634412	0.0465411067639767
ENSG00000162383	0.000215857209995459	-1.74267366177852	0.0465411067639767
ENSG00000153832	0.000230371620498704	-1.45825632781429	0.0492348610686879
