*/	WT1	WT2	WT3	KO1	KO2	KO3
ENSG00000223972	0	0	1	0	0	0
ENSG00000227232	81	61	38	37	49	38
ENSG00000278267	10	5	2	1	11	4
ENSG00000243485	0	0	0	0	2	0
ENSG00000284332	0	0	0	0	0	0
ENSG00000237613	0	0	0	0	0	0
ENSG00000268020	0	0	0	0	0	0
ENSG00000240361	0	0	0	0	0	0
ENSG00000186092	0	0	0	0	0	0
ENSG00000238009	0	3	0	2	4	1
ENSG00000239945	0	0	0	0	0	0
ENSG00000233750	0	0	0	0	0	0
ENSG00000268903	0	3	3	8	14	10
ENSG00000269981	2	0	0	2	7	0
ENSG00000239906	0	0	0	2	2	0
ENSG00000241860	8	15	6	3	19	3
ENSG00000222623	0	0	0	0	0	0
ENSG00000241599	0	0	0	0	0	0
ENSG00000279928	0	0	0	0	0	0
ENSG00000279457	151	201	136	94	152	75
ENSG00000273874	0	0	0	0	0	0
ENSG00000228463	126	125	96	56	100	41
ENSG00000286448	3	0	0	6	3	6
ENSG00000236679	0	0	0	0	0	0
ENSG00000236601	0	0	0	0	0	0
ENSG00000237094	75	86	50	61	98	50
ENSG00000269732	0	0	0	0	0	0
ENSG00000284733	0	0	0	0	0	0
ENSG00000233653	0	0	0	0	0	0
ENSG00000250575	0	0	0	0	0	0
ENSG00000278757	1	0	0	0	0	0
ENSG00000230021	14	8	6	11	11	7
ENSG00000235146	0	0	0	0	0	0
ENSG00000225972	37	39	25	4	21	9
ENSG00000225630	6525	5290	3721	1338	4667	1715
ENSG00000237973	1255	642	508	553	1574	682
ENSG00000278791	0	0	0	0	0	0
ENSG00000229344	46	50	22	14	44	16
ENSG00000240409	0	4	2	0	0	0
ENSG00000248527	29090	21361	13980	4956	16611	6435
ENSG00000198744	47	59	30	14	28	12
ENSG00000268663	0	0	0	0	0	0
ENSG00000284662	0	0	0	0	0	0
ENSG00000229376	0	0	0	0	0	0
ENSG00000228327	206	241	161	151	292	118
ENSG00000223181	0	0	0	0	0	0
ENSG00000229905	0	0	0	0	0	0
ENSG00000237491	91	91	82	76	193	36
ENSG00000285268	0	0	0	0	0	0
ENSG00000230092	14	13	2	5	4	7
ENSG00000177757	0	0	0	0	0	0
ENSG00000228794	820	831	522	344	404	268
ENSG00000225880	33	58	40	37	74	29
ENSG00000288531	0	0	2	0	0	1
ENSG00000230368	0	0	0	0	0	0
ENSG00000234711	0	0	0	0	0	0
ENSG00000283040	0	0	0	0	0	0
ENSG00000272438	0	0	0	0	0	0
ENSG00000230699	0	0	1	0	0	0
ENSG00000241180	0	0	0	0	0	0
ENSG00000223764	0	0	0	0	1	0
ENSG00000187634	1	4	3	0	0	2
ENSG00000188976	4250	4608	3289	5425	5860	4996
ENSG00000187961	569	610	476	508	1214	708
ENSG00000187583	193	219	182	23	47	26
ENSG00000187642	2	0	0	2	0	1
ENSG00000272512	80	74	53	53	99	34
ENSG00000188290	94	186	138	114	116	130
ENSG00000187608	984	1158	847	291	350	335
ENSG00000231702	0	0	0	0	0	0
ENSG00000224969	1	1	0	0	1	0
ENSG00000188157	3429	3906	2830	4342	6641	6685
ENSG00000242590	0	0	0	0	0	0
ENSG00000217801	787	719	452	262	374	175
ENSG00000273443	3	8	6	2	3	0
ENSG00000237330	1	0	0	0	0	0
ENSG00000131591	129	181	142	252	446	324
ENSG00000285812	0	0	0	0	0	0
ENSG00000223823	1	2	1	0	4	0
ENSG00000207730	0	0	1	0	0	1
ENSG00000207607	1	4	1	1	3	2
ENSG00000198976	9	13	3	1	2	2
ENSG00000272141	97	102	83	22	67	31
ENSG00000205231	0	0	2	0	0	0
ENSG00000162571	0	0	0	0	0	0
ENSG00000186891	1	0	1	0	0	0
ENSG00000186827	0	6	0	0	0	0
ENSG00000078808	8004	8695	6209	6175	6279	5376
ENSG00000176022	984	958	658	637	430	613
ENSG00000184163	8	8	6	5	0	1
ENSG00000260179	4	3	3	0	4	0
ENSG00000160087	1920	2329	1643	1452	1483	1372
ENSG00000230415	12	16	16	7	15	6
ENSG00000162572	117	166	109	85	149	108
ENSG00000131584	2760	2211	1535	2151	4344	2500
ENSG00000278073	0	0	0	0	0	0
ENSG00000169972	685	696	563	404	424	373
ENSG00000127054	2634	3162	2272	2323	2828	2210
ENSG00000283712	0	0	0	0	0	0
ENSG00000240731	34	34	24	21	71	11
ENSG00000224051	808	1016	799	379	440	448
ENSG00000169962	14	34	23	14	10	14
ENSG00000107404	3252	3972	3124	2878	3318	3923
ENSG00000284372	0	0	0	0	0	0
ENSG00000162576	2482	3053	2027	1210	1243	1234
ENSG00000175756	2433	2509	1935	2071	2137	2088
ENSG00000223663	1	0	0	0	2	0
ENSG00000221978	28077	27822	19324	9906	15217	7599
ENSG00000224870	1410	1469	998	968	862	804
ENSG00000242485	2944	3646	2329	2039	2096	1804
ENSG00000264293	0	0	0	0	0	0
ENSG00000272455	170	140	91	113	208	86
ENSG00000235098	820	1041	743	594	787	629
ENSG00000225905	2	1	2	8	7	9
ENSG00000205116	0	10	2	5	9	3
ENSG00000225285	13	44	30	8	6	6
ENSG00000179403	1574	2330	1775	1289	1644	1592
ENSG00000215915	467	483	345	156	169	141
ENSG00000160072	1804	1945	1392	1588	2509	1681
ENSG00000284740	7	6	7	3	7	5
ENSG00000197785	1221	1264	970	1557	2044	2086
ENSG00000205090	2	0	0	10	5	5
ENSG00000160075	4651	4585	3072	3363	2972	2854
ENSG00000215014	20	10	13	10	10	11
ENSG00000274481	0	0	0	0	0	0
ENSG00000228594	37	67	38	184	169	215
ENSG00000286989	9	14	8	22	32	21
ENSG00000272106	82	80	81	113	124	92
ENSG00000197530	892	786	555	653	1122	1073
ENSG00000189409	0	0	0	0	1	0
ENSG00000248333	1449	1344	833	976	1243	951
ENSG00000272004	17	16	11	4	4	2
ENSG00000189339	3548	3487	2419	2047	2064	1732
ENSG00000269737	0	1	0	1	0	0
ENSG00000215914	0	0	0	0	0	0
ENSG00000008128	40	51	30	12	70	33
ENSG00000268575	44	45	39	25	39	14
ENSG00000227775	0	1	2	0	3	0
ENSG00000215790	488	446	350	302	372	217
ENSG00000008130	3052	3174	2256	2616	2799	2369
ENSG00000078369	7596	8611	6075	10990	8545	8527
ENSG00000231050	3	4	11	1	2	1
ENSG00000169885	12	8	5	1	2	0
ENSG00000178821	484	605	450	376	380	350
ENSG00000142609	18	23	24	9	16	16
ENSG00000233542	1	2	0	0	0	0
ENSG00000187730	0	0	0	1	0	0
ENSG00000226969	1	1	0	0	0	0
ENSG00000067606	4826	4732	3093	1934	1828	1583
ENSG00000271806	0	0	1	0	0	0
ENSG00000182873	14	16	6	3	11	5
ENSG00000162585	551	866	618	505	825	665
ENSG00000234396	0	0	0	0	0	0
ENSG00000157933	2749	3468	2687	2001	1661	1797
ENSG00000287356	1	3	2	0	1	1
ENSG00000116151	149	175	131	150	147	98
ENSG00000272161	0	0	0	0	0	0
ENSG00000269896	18	12	11	20	17	29
ENSG00000272420	0	12	3	3	3	1
ENSG00000157916	6541	5933	4007	3223	3643	2751
ENSG00000157911	1131	1414	887	1407	1548	1343
ENSG00000149527	285	190	144	11	9	5
ENSG00000224387	2	0	0	0	0	0
ENSG00000229393	0	0	0	0	0	0
ENSG00000157881	602	641	511	562	663	516
ENSG00000197921	5	7	1	0	0	0
ENSG00000272449	5	8	10	8	3	3
ENSG00000238164	265	348	236	21	30	27
ENSG00000157873	768	1132	789	183	333	167
ENSG00000225931	0	1	1	0	1	2
ENSG00000228037	1	1	0	0	0	0
ENSG00000157870	1238	1681	1106	1349	1354	1305
ENSG00000142606	6	23	11	1	3	1
ENSG00000237058	0	0	0	0	0	0
ENSG00000215912	4	3	4	2	4	4
ENSG00000285945	0	0	0	0	0	0
ENSG00000283259	0	0	0	0	0	0
ENSG00000233234	0	0	0	0	0	0
ENSG00000287396	0	0	0	0	0	0
ENSG00000231630	0	0	0	0	0	0
ENSG00000284745	0	0	0	0	0	0
ENSG00000169717	0	0	0	0	0	0
ENSG00000177133	4	1	2	0	1	0
ENSG00000142611	1	2	0	0	0	0
ENSG00000283572	0	0	0	0	0	0
ENSG00000226286	0	0	0	0	0	0
ENSG00000279839	0	0	0	0	0	0
ENSG00000272235	24	7	6	7	12	3
ENSG00000287828	190	148	101	92	80	78
ENSG00000286518	0	0	0	0	0	0
ENSG00000130762	2095	1917	1365	736	871	805
ENSG00000272088	13	8	8	3	4	2
ENSG00000162591	1685	1679	1239	1029	1671	1104
ENSG00000207776	1	1	0	0	2	1
ENSG00000238260	11	3	12	7	22	3
ENSG00000158109	2883	2709	1832	2257	1974	1865
ENSG00000116213	799	1037	730	961	1360	886
ENSG00000078900	29	35	33	103	88	122
ENSG00000227589	1	3	4	5	11	0
ENSG00000235131	0	0	0	0	0	0
ENSG00000227372	952	974	723	1104	1701	952
ENSG00000276189	0	0	0	0	0	0
ENSG00000162592	0	0	0	0	0	0
ENSG00000235169	117	166	135	134	157	159
ENSG00000130764	2271	2862	1974	2092	2069	1894
ENSG00000266075	10	5	2	1	2	0
ENSG00000272153	48	27	17	9	4	8
ENSG00000116198	1605	1563	1061	1282	1081	1062
ENSG00000169598	371	427	307	379	443	333
ENSG00000198912	861	965	697	1003	897	743
ENSG00000236423	150	39	34	49	54	59
ENSG00000233304	0	0	0	1	0	0
ENSG00000226374	0	0	0	0	0	0
ENSG00000284668	9	5	6	0	1	0
ENSG00000284703	0	0	0	0	0	0
ENSG00000229280	0	0	0	0	0	0
ENSG00000235054	0	0	0	0	0	0
ENSG00000284694	0	0	0	0	0	0
ENSG00000227169	0	0	0	0	0	0
ENSG00000232596	0	0	0	0	0	0
ENSG00000196581	0	0	0	0	0	0
ENSG00000287586	0	0	0	0	0	0
ENSG00000284739	0	0	0	0	0	0
ENSG00000284674	0	0	0	0	0	0
ENSG00000231510	0	0	0	0	0	0
ENSG00000284616	0	0	0	0	0	0
ENSG00000284692	0	0	0	0	0	0
ENSG00000284666	0	0	0	0	0	0
ENSG00000260972	0	0	0	0	0	0
ENSG00000283356	0	0	0	0	0	0
ENSG00000236948	0	0	0	0	0	0
ENSG00000264341	0	0	0	0	0	0
ENSG00000264101	0	0	0	0	0	0
ENSG00000131697	593	620	454	1099	1291	1042
ENSG00000069424	1339	1851	1238	1348	1803	1312
ENSG00000116254	25	17	6	5	8	8
ENSG00000285629	0	0	0	0	0	0
ENSG00000116251	5121	6468	4840	5739	4003	4013
ENSG00000226944	0	1	2	0	6	1
ENSG00000158286	771	733	473	259	433	216
ENSG00000116237	2748	3106	2337	4118	3390	3320
ENSG00000225077	6	6	3	14	5	7
ENSG00000173673	0	0	0	0	0	0
ENSG00000158292	117	96	78	39	23	30
ENSG00000097021	838	1150	868	2084	1770	1875
ENSG00000271746	6	3	4	2	1	2
ENSG00000069812	3	7	3	0	1	1
ENSG00000187017	643	800	593	524	570	660
ENSG00000265392	0	0	0	0	0	0
ENSG00000231868	0	0	0	0	0	3
ENSG00000215788	6	11	12	3	21	7
ENSG00000171680	38	59	49	68	94	70
ENSG00000162408	763	931	576	763	833	621
ENSG00000253022	0	0	0	0	0	0
ENSG00000229519	0	0	0	0	0	0
ENSG00000173662	6	17	6	16	13	19
ENSG00000204859	631	707	458	385	460	282
ENSG00000162413	2947	3709	2794	2124	2484	1948
ENSG00000116273	1035	1014	757	1160	834	839
ENSG00000041988	567	593	414	337	344	348
ENSG00000007923	2930	3385	2329	3415	3809	2917
ENSG00000228750	0	0	0	0	0	0
ENSG00000284744	0	0	0	0	0	0
ENSG00000237436	8	12	10	10	15	9
ENSG00000171735	1065	1048	707	834	881	675
ENSG00000227950	0	0	0	0	0	0
ENSG00000237365	0	0	0	0	0	0
ENSG00000207056	0	0	0	0	0	0
ENSG00000237402	0	0	0	0	0	0
ENSG00000237728	0	0	0	0	0	0
ENSG00000225126	0	0	0	0	0	0
ENSG00000270171	1	1	1	1	1	1
ENSG00000270035	2	0	4	10	3	2
ENSG00000269978	24	23	21	16	30	10
ENSG00000049245	2703	2898	2185	3468	3012	2489
ENSG00000269925	6	9	8	6	11	1
ENSG00000049246	872	990	788	1417	1252	1077
ENSG00000236266	0	0	0	0	0	0
ENSG00000049247	0	0	0	0	0	0
ENSG00000049249	10	1	4	3	0	3
ENSG00000270330	0	0	0	0	0	0
ENSG00000116288	6397	6511	4509	7090	5873	6038
ENSG00000200344	0	0	0	0	0	0
ENSG00000284747	59	55	44	27	58	31
ENSG00000284716	0	0	0	0	0	0
ENSG00000116285	17982	19263	14430	9402	4689	7495
ENSG00000238290	20	15	10	3	3	2
ENSG00000232848	1	2	0	3	1	0
ENSG00000229305	1	0	0	0	0	0
ENSG00000227634	0	0	0	0	2	0
ENSG00000200975	0	0	0	0	0	0
ENSG00000233645	0	0	0	0	0	0
ENSG00000251977	0	0	0	0	0	0
ENSG00000162426	1	3	3	1	0	0
ENSG00000252254	0	0	0	0	0	0
ENSG00000142599	3799	4139	2923	3592	3992	2928
ENSG00000232912	1	0	2	0	0	0
ENSG00000221083	1	0	0	0	0	0
ENSG00000270282	0	0	0	0	0	0
ENSG00000234619	0	1	0	0	0	0
ENSG00000224315	0	2	1	0	0	0
ENSG00000222511	0	0	0	0	0	0
ENSG00000226545	0	0	0	0	0	0
ENSG00000228423	0	1	1	0	0	2
ENSG00000229716	0	0	0	0	0	0
ENSG00000074800	37915	44966	29865	72103	64490	60954
ENSG00000274258	0	2	0	1	0	0
ENSG00000230679	2	0	2	1	3	1
ENSG00000201725	0	0	0	0	0	0
ENSG00000238249	0	0	0	2	0	0
ENSG00000232208	3	0	3	1	1	0
ENSG00000232663	0	0	0	0	0	0
ENSG00000131686	0	0	0	0	0	0
ENSG00000265141	0	0	0	0	0	0
ENSG00000197241	0	0	0	0	0	0
ENSG00000142583	1	0	0	0	1	0
ENSG00000252404	0	0	0	0	0	0
ENSG00000180758	623	454	365	279	265	221
ENSG00000228526	1639	1443	1026	478	1357	339
ENSG00000284357	0	0	0	0	0	0
ENSG00000234546	45	99	36	22	35	24
ENSG00000049239	1277	1259	927	1235	1122	1076
ENSG00000171621	1014	921	679	460	371	440
ENSG00000284652	0	0	0	0	0	0
ENSG00000284693	0	1	1	3	0	0
ENSG00000252956	0	0	0	0	0	0
ENSG00000235263	56	45	24	16	4	7
ENSG00000171612	3511	4025	2736	4138	2581	3135
ENSG00000231181	40	22	15	23	59	13
ENSG00000188807	820	1051	843	1076	1331	1193
ENSG00000171608	1421	1476	1011	1303	1317	1026
ENSG00000179840	0	0	0	0	0	0
ENSG00000233268	0	0	0	0	0	0
ENSG00000231789	266	288	182	196	117	179
ENSG00000171603	4172	5283	3688	5166	3965	4451
ENSG00000271264	0	0	0	0	0	0
ENSG00000280113	1	1	0	0	0	0
ENSG00000178585	1777	1883	1316	2451	1596	2042
ENSG00000223989	0	0	1	0	0	0
ENSG00000285701	0	0	1	0	0	0
ENSG00000162441	2700	3025	2229	2460	2137	1735
ENSG00000228150	1	5	0	5	2	2
ENSG00000173614	315	397	271	321	287	242
ENSG00000202415	1	2	2	0	3	4
ENSG00000283611	0	0	0	0	0	0
ENSG00000265521	0	0	0	0	0	0
ENSG00000241326	0	0	0	0	0	0
ENSG00000162444	28	27	14	38	21	30
ENSG00000130939	3945	3697	2578	3943	2959	3055
ENSG00000224340	0	0	0	0	0	0
ENSG00000233623	1	0	1	0	1	2
ENSG00000201746	1	0	0	0	0	0
ENSG00000054523	2612	3081	2360	4721	3463	3616
ENSG00000264881	0	0	0	0	0	0
ENSG00000199562	0	0	0	0	1	0
ENSG00000264501	0	0	0	0	0	0
ENSG00000284735	0	0	0	0	0	0
ENSG00000284642	94	72	40	19	31	17
ENSG00000142657	9334	9740	6482	15598	8897	12948
ENSG00000271989	0	0	0	2	1	0
ENSG00000251503	0	0	0	0	0	0
ENSG00000175279	8	13	9	34	19	11
ENSG00000241563	1	4	1	1	0	0
ENSG00000160049	1803	2317	1697	1719	1551	1337
ENSG00000203469	0	0	0	0	0	0
ENSG00000142655	823	833	630	691	722	716
ENSG00000287727	0	0	0	0	0	0
ENSG00000243267	0	0	0	0	2	0
ENSG00000130940	234	432	273	56	76	80
ENSG00000272078	2	2	0	0	0	0
ENSG00000225158	0	0	0	0	0	0
ENSG00000175262	0	0	0	0	0	0
ENSG00000215785	0	0	0	0	0	0
ENSG00000120948	2588	2885	2178	3083	3358	2194
ENSG00000277726	0	0	0	0	0	0
ENSG00000009724	776	967	683	638	726	596
ENSG00000271895	86	83	54	31	53	27
ENSG00000116649	3509	4699	3249	3402	3406	2830
ENSG00000171824	3160	3154	1953	3520	3616	2852
ENSG00000226849	20	24	6	2	9	3
ENSG00000230337	12	9	10	15	5	6
ENSG00000198793	5001	4708	3287	3893	3416	3172
ENSG00000225602	0	0	0	0	0	0
ENSG00000253086	0	0	0	0	0	0
ENSG00000171819	0	0	0	0	0	0
ENSG00000207451	0	0	0	0	0	0
ENSG00000238173	0	0	0	0	0	0
ENSG00000120942	2413	2831	2028	1602	1219	1343
ENSG00000238199	0	0	0	0	0	0
ENSG00000284646	0	0	0	0	0	0
ENSG00000224338	0	0	0	0	0	0
ENSG00000204624	0	3	5	2	1	2
ENSG00000285833	0	0	0	0	0	0
ENSG00000235643	0	0	1	2	0	0
ENSG00000284708	0	0	0	0	0	0
ENSG00000116661	2950	2154	1644	482	747	500
ENSG00000132879	1592	1390	918	530	806	429
ENSG00000116663	211	241	164	151	108	132
ENSG00000116670	1451	1755	1210	1724	1462	1475
ENSG00000162490	1	0	1	0	1	0
ENSG00000177674	312	594	389	804	809	674
ENSG00000215910	1	1	0	1	2	0
ENSG00000177553	0	0	0	0	0	0
ENSG00000177000	586	673	510	329	188	266
ENSG00000011021	2947	2441	1638	1915	1195	1523
ENSG00000276470	0	0	0	0	0	0
ENSG00000278852	0	0	0	0	0	0
ENSG00000175206	1	1	0	0	0	0
ENSG00000275915	0	0	0	0	0	0
ENSG00000120937	0	1	1	1	0	2
ENSG00000224904	0	0	0	0	0	0
ENSG00000285646	1	0	4	0	0	1
ENSG00000199347	0	0	0	0	0	0
ENSG00000201801	0	0	0	0	0	0
ENSG00000116685	4742	5949	4321	4402	4071	4512
ENSG00000083444	6303	6441	4453	7989	6907	6970
ENSG00000287384	0	0	0	0	0	0
ENSG00000116688	2983	3118	2236	4916	4412	4163
ENSG00000270914	0	0	0	0	0	0
ENSG00000116691	515	745	505	871	1167	933
ENSG00000202461	0	0	0	0	0	0
ENSG00000276869	0	0	0	0	0	0
ENSG00000243539	0	0	0	0	0	0
ENSG00000120949	0	0	0	0	0	0
ENSG00000201135	0	0	0	0	0	0
ENSG00000227875	0	0	0	0	0	0
ENSG00000285604	0	0	0	0	0	0
ENSG00000283789	0	0	0	0	0	0
ENSG00000028137	0	0	0	0	0	0
ENSG00000263676	0	0	0	0	0	0
ENSG00000225196	0	0	0	0	0	0
ENSG00000252969	0	0	0	0	0	0
ENSG00000048707	1209	1586	1253	1137	826	946
ENSG00000239149	3	0	1	2	0	0
ENSG00000229484	6	3	1	1	1	2
ENSG00000162496	6532	6895	4764	947	529	805
ENSG00000221340	27	15	7	3	1	0
ENSG00000276830	9	3	5	0	2	1
ENSG00000272482	28	29	18	10	6	11
ENSG00000204518	0	0	0	0	0	0
ENSG00000226166	0	0	0	0	0	0
ENSG00000188984	0	0	0	0	0	0
ENSG00000157330	0	0	0	0	0	0
ENSG00000116726	6	1	2	30	3	12
ENSG00000116721	1	5	5	19	4	10
ENSG00000228338	0	0	0	0	0	0
ENSG00000239810	0	0	0	5	0	3
ENSG00000231103	0	0	0	0	0	0
ENSG00000179172	0	0	0	0	1	5
ENSG00000120952	6	7	3	33	14	24
ENSG00000243073	0	0	0	2	2	5
ENSG00000187545	0	0	0	2	0	0
ENSG00000204510	0	1	0	0	1	4
ENSG00000207434	0	0	0	0	0	0
ENSG00000234064	0	0	0	0	0	0
ENSG00000232423	1	0	0	3	1	5
ENSG00000274178	2	0	0	5	4	4
ENSG00000274764	1	0	1	15	2	6
ENSG00000277058	0	0	0	5	1	3
ENSG00000229571	0	0	0	1	1	0
ENSG00000277862	0	0	0	0	0	0
ENSG00000236179	0	0	0	0	0	0
ENSG00000275774	0	1	1	6	1	6
ENSG00000229978	0	0	0	0	0	0
ENSG00000233336	0	0	0	0	0	0
ENSG00000280267	0	0	0	0	0	0
ENSG00000179412	0	0	0	0	0	0
ENSG00000204505	7	2	3	14	4	10
ENSG00000279169	0	0	0	0	1	1
ENSG00000279804	0	0	0	2	0	0
ENSG00000250894	0	0	0	0	0	1
ENSG00000270601	0	0	0	0	1	0
ENSG00000231219	0	0	0	0	0	0
ENSG00000207511	0	0	0	0	0	0
ENSG00000182330	3	0	0	17	5	13
ENSG00000237700	0	0	0	2	0	3
ENSG00000204501	0	1	0	3	2	2
ENSG00000228229	0	0	0	0	0	0
ENSG00000204481	2	1	1	19	5	16
ENSG00000204480	0	0	0	2	0	0
ENSG00000204479	0	0	0	0	0	0
ENSG00000204478	0	0	2	9	4	1
ENSG00000162494	0	0	0	0	0	0
ENSG00000259961	0	0	0	0	0	0
ENSG00000215909	0	0	0	0	0	0
ENSG00000162493	0	0	0	0	0	0
ENSG00000222952	0	0	0	0	0	0
ENSG00000237445	0	0	0	0	0	0
ENSG00000253085	0	0	0	0	0	0
ENSG00000116731	924	971	713	772	796	564
ENSG00000189337	1609	1127	826	1383	1220	1118
ENSG00000252151	0	0	0	0	0	0
ENSG00000231606	0	0	0	0	0	0
ENSG00000234593	0	0	0	0	0	0
ENSG00000235829	0	0	0	0	0	0
ENSG00000287756	0	0	0	0	0	0
ENSG00000175147	132	200	140	54	122	51
ENSG00000171729	729	826	570	391	368	366
ENSG00000204464	0	0	0	0	0	1
ENSG00000215720	0	0	0	0	0	0
ENSG00000278480	0	1	3	0	0	0
ENSG00000142621	7	11	3	2	0	1
ENSG00000233485	3	0	2	0	1	0
ENSG00000236045	0	0	0	0	0	0
ENSG00000228140	0	0	0	1	0	1
ENSG00000142634	933	1164	812	942	1499	1048
ENSG00000162438	2	1	1	0	0	0
ENSG00000142615	0	0	0	0	0	0
ENSG00000215704	0	0	0	0	0	0
ENSG00000132906	602	730	478	437	421	361
ENSG00000116138	1094	1054	801	807	655	649
ENSG00000251866	0	0	1	0	0	0
ENSG00000272510	125	63	68	53	33	31
ENSG00000116771	1998	2235	1562	4821	4259	3955
ENSG00000237301	0	0	0	0	0	0
ENSG00000235084	0	1	1	1	2	4
ENSG00000252417	0	2	0	0	0	0
ENSG00000236500	0	0	0	0	0	0
ENSG00000197312	2196	2777	2151	3397	3080	2697
ENSG00000215695	0	0	0	0	0	0
ENSG00000271742	0	0	0	0	0	0
ENSG00000116786	1769	2337	1581	1448	1381	1369
ENSG00000237938	0	0	1	0	0	0
ENSG00000162461	2	1	0	0	0	0
ENSG00000224459	0	0	0	0	0	0
ENSG00000162460	4	7	1	7	4	4
ENSG00000162458	2048	1438	981	179	133	142
ENSG00000224321	1	1	1	0	0	0
ENSG00000233954	240	226	182	196	210	183
ENSG00000178715	2	4	0	4	3	0
ENSG00000179743	37	33	17	53	68	78
ENSG00000065526	4904	4716	3307	3956	3463	3227
ENSG00000270620	0	0	0	0	0	0
ENSG00000116809	800	864	647	497	616	536
ENSG00000234607	0	0	0	0	0	0
ENSG00000231353	0	0	0	0	0	0
ENSG00000275503	0	0	0	0	0	0
ENSG00000224966	0	0	0	0	0	0
ENSG00000183888	284	492	374	422	240	390
ENSG00000233078	0	3	0	0	0	0
ENSG00000173641	6	0	2	0	0	0
ENSG00000186510	0	0	0	1	0	0
ENSG00000232456	0	0	0	0	0	0
ENSG00000184908	0	0	0	0	0	0
ENSG00000185519	0	1	2	0	0	0
ENSG00000142627	4337	4443	3247	3350	2357	3065
ENSG00000227959	13	23	15	5	17	4
ENSG00000224621	15	15	8	4	4	4
ENSG00000234166	0	0	0	0	0	0
ENSG00000142632	198	212	161	187	192	183
ENSG00000237276	1	1	1	0	0	1
ENSG00000288398	26	50	43	26	21	22
ENSG00000132881	4	18	11	10	16	14
ENSG00000233929	0	0	1	0	0	0
ENSG00000037637	915	1033	753	781	673	654
ENSG00000055070	4188	4930	3582	4073	3751	3457
ENSG00000226457	0	1	1	0	0	0
ENSG00000187144	70	105	76	68	154	53
ENSG00000157191	1593	2024	1340	1307	1066	1138
ENSG00000226029	70	69	33	6	10	2
ENSG00000080947	85	88	53	55	151	44
ENSG00000206652	0	0	0	0	0	1
ENSG00000261135	2	5	8	4	3	3
ENSG00000285853	1	0	0	0	2	0
ENSG00000224174	0	0	0	0	0	0
ENSG00000233421	3	0	0	0	0	1
ENSG00000277344	0	0	0	0	0	0
ENSG00000225710	0	0	0	0	0	0
ENSG00000219481	6619	6592	4819	3682	3248	2839
ENSG00000271732	5	4	2	0	0	0
ENSG00000215908	2524	2969	2238	1922	3572	1918
ENSG00000283773	0	0	0	0	0	0
ENSG00000186301	26410	22152	15134	15881	28769	15132
ENSG00000282143	0	0	0	0	0	0
ENSG00000207513	0	0	0	0	0	0
ENSG00000280114	34	38	42	32	78	11
ENSG00000236698	7	5	2	6	5	5
ENSG00000268869	32	80	48	33	79	64
ENSG00000279151	0	0	0	0	0	0
ENSG00000282740	0	0	0	0	0	0
ENSG00000058453	140	243	188	170	292	200
ENSG00000227684	0	0	0	0	2	0
ENSG00000207389	0	0	0	0	0	0
ENSG00000186715	6492	4830	3234	3709	7052	3436
ENSG00000223643	6	9	5	5	4	2
ENSG00000230239	1	0	0	1	0	0
ENSG00000263811	0	0	0	0	0	0
ENSG00000228549	1	1	2	0	1	0
ENSG00000277234	0	0	0	0	0	0
ENSG00000238142	0	0	0	0	0	0
ENSG00000235241	0	0	0	0	0	0
ENSG00000207005	0	0	0	0	0	0
ENSG00000272426	0	1	1	0	0	1
ENSG00000117122	19	5	7	20	20	22
ENSG00000286898	0	0	0	0	0	0
ENSG00000226526	0	0	0	0	0	0
ENSG00000159363	690	1180	808	1095	1174	1251
ENSG00000288636	0	0	0	0	0	0
ENSG00000117118	1920	1550	1062	1780	1546	1505
ENSG00000117115	0	0	0	0	0	0
ENSG00000204362	0	0	0	0	0	0
ENSG00000282843	0	0	0	0	0	0
ENSG00000142623	0	0	0	0	0	0
ENSG00000142619	0	0	0	0	0	0
ENSG00000266634	0	0	0	0	0	0
ENSG00000159339	0	0	0	0	0	0
ENSG00000276747	0	0	0	0	0	0
ENSG00000227751	0	0	0	0	1	1
ENSG00000179051	5342	5533	3960	4842	4670	3991
ENSG00000074964	3086	3506	2519	2359	3096	2371
ENSG00000236648	1	0	0	0	0	0
ENSG00000117148	2	28	9	11	8	11
ENSG00000284653	0	0	0	0	0	0
ENSG00000261781	0	0	0	0	0	0
ENSG00000117154	0	0	0	0	0	0
ENSG00000280222	0	0	0	0	0	0
ENSG00000230035	0	0	0	0	0	0
ENSG00000225387	0	0	0	0	0	0
ENSG00000179023	149	311	195	69	80	77
ENSG00000235282	0	0	0	0	0	0
ENSG00000225478	0	0	0	0	0	0
ENSG00000009709	0	0	0	0	0	0
ENSG00000179002	0	0	0	0	0	0
ENSG00000159423	2152	2974	2083	4550	4734	4408
ENSG00000265606	0	0	0	0	0	0
ENSG00000221662	0	0	0	0	0	0
ENSG00000169991	920	963	698	1246	1200	1063
ENSG00000272084	27	9	9	4	7	0
ENSG00000127481	12997	9631	6740	9970	7670	7241
ENSG00000230424	51	34	27	7	22	6
ENSG00000127463	2503	3116	2050	5645	4661	4543
ENSG00000053372	3094	4272	2759	4038	3692	3153
ENSG00000286064	0	0	0	0	0	0
ENSG00000211454	52	34	21	11	55	16
ENSG00000162482	21	13	18	8	35	5
ENSG00000270728	0	0	0	0	0	0
ENSG00000053371	700	912	657	1662	1449	1537
ENSG00000200403	1	1	0	5	2	1
ENSG00000040487	1180	1304	884	651	664	701
ENSG00000077549	6187	6037	4138	6986	5488	5585
ENSG00000240490	0	0	0	0	0	0
ENSG00000173436	104	82	55	65	127	52
ENSG00000201609	0	0	0	0	0	0
ENSG00000235185	0	0	0	0	0	0
ENSG00000158747	753	939	703	757	794	795
ENSG00000270136	0	0	0	0	0	0
ENSG00000226396	78	63	51	12	19	12
ENSG00000158748	0	0	0	2	0	1
ENSG00000162542	300	378	261	248	227	185
ENSG00000178828	9	5	1	0	0	0
ENSG00000235434	0	0	0	0	0	0
ENSG00000169914	652	814	541	629	1196	425
ENSG00000188784	99	89	62	46	118	39
ENSG00000242688	0	0	0	0	0	0
ENSG00000188257	41927	30750	18751	2011	3659	1464
ENSG00000127472	1	0	0	0	0	0
ENSG00000117215	0	0	0	0	0	0
ENSG00000158786	2	0	0	0	0	0
ENSG00000227066	1	2	1	0	1	0
ENSG00000187980	2	0	0	0	0	0
ENSG00000225986	9	13	2	2	3	4
ENSG00000162543	438	429	306	162	253	134
ENSG00000228105	0	0	0	0	0	0
ENSG00000284710	0	0	0	0	0	0
ENSG00000158816	0	0	0	0	0	0
ENSG00000226664	0	0	0	0	0	0
ENSG00000236963	1	0	1	1	0	0
ENSG00000226487	0	0	0	0	0	0
ENSG00000284641	0	0	0	0	0	0
ENSG00000284743	4	7	5	6	12	7
ENSG00000162545	5778	5762	4187	4588	3371	3468
ENSG00000090432	1170	1473	916	1265	995	1036
ENSG00000215520	0	0	0	0	0	0
ENSG00000183114	145	71	57	11	17	11
ENSG00000158825	304	143	92	8	0	8
ENSG00000158828	1851	1603	1132	508	351	472
ENSG00000284005	0	0	0	0	0	0
ENSG00000117242	456	427	342	602	610	494
ENSG00000244038	12742	14484	10191	17362	14084	14784
ENSG00000117245	32	30	20	7	9	10
ENSG00000235432	0	0	0	0	0	0
ENSG00000189410	256	239	127	50	40	49
ENSG00000233069	0	0	0	0	0	0
ENSG00000127483	6088	6262	4794	9230	9809	6636
ENSG00000075151	4195	3555	2573	2106	1615	1771
ENSG00000251914	0	0	0	0	0	0
ENSG00000221808	0	0	0	0	0	0
ENSG00000233072	0	2	0	0	0	0
ENSG00000236073	1	0	0	0	0	0
ENSG00000235112	0	0	0	0	0	0
ENSG00000287192	0	1	0	0	0	0
ENSG00000117298	4346	5356	3829	2919	2693	2555
ENSG00000236936	9	9	4	1	1	4
ENSG00000231105	3	2	0	1	0	0
ENSG00000236216	0	0	0	0	0	0
ENSG00000228823	0	0	0	0	0	0
ENSG00000236009	0	0	0	0	0	0
ENSG00000227001	5	10	6	10	11	15
ENSG00000187952	0	0	0	1	1	0
ENSG00000186543	0	0	0	0	0	0
ENSG00000142794	80	139	72	150	142	99
ENSG00000176378	0	0	0	0	0	0
ENSG00000162551	7	5	1	0	0	1
ENSG00000233431	0	0	0	0	0	0
ENSG00000076864	3145	3086	2051	1683	1694	1455
ENSG00000090686	3142	2780	1828	2390	2487	1868
ENSG00000231978	0	0	0	0	0	0
ENSG00000187942	0	6	1	0	0	0
ENSG00000142798	1781	2476	1773	3910	4150	4346
ENSG00000232037	0	0	0	0	0	0
ENSG00000283234	0	0	0	0	0	0
ENSG00000219073	8	2	2	0	0	0
ENSG00000285959	0	0	0	0	0	0
ENSG00000273610	0	0	0	0	0	0
ENSG00000201919	0	0	0	0	0	0
ENSG00000142789	0	0	0	0	0	0
ENSG00000278124	0	0	0	0	0	0
ENSG00000201273	0	0	0	0	0	0
ENSG00000228397	1	0	0	0	1	0
ENSG00000218510	110	110	88	111	203	72
ENSG00000070831	4225	4572	3259	4744	3790	3900
ENSG00000285752	0	0	1	0	0	0
ENSG00000285794	0	0	0	0	0	0
ENSG00000230068	1	1	3	0	0	0
ENSG00000271428	0	0	0	0	0	0
ENSG00000162552	0	0	0	0	0	0
ENSG00000285873	3	3	1	2	1	1
ENSG00000266564	0	0	0	0	0	0
ENSG00000234397	0	0	0	0	0	0
ENSG00000279625	0	0	0	0	0	0
ENSG00000184677	9882	7286	4882	3020	4849	2237
ENSG00000237200	11	9	4	4	6	3
ENSG00000070886	2	0	0	0	0	0
ENSG00000276835	0	0	0	0	0	0
ENSG00000173372	0	0	0	0	0	0
ENSG00000159189	0	0	0	0	0	0
ENSG00000173369	0	0	0	0	0	0
ENSG00000133216	2	2	3	0	1	0
ENSG00000265422	0	0	0	0	0	0
ENSG00000225952	0	0	0	0	0	0
ENSG00000264014	0	0	0	0	0	0
ENSG00000215906	0	0	2	33	22	21
ENSG00000227868	0	0	0	0	0	1
ENSG00000004487	4261	4683	3005	7753	6822	6372
ENSG00000240553	0	0	0	0	0	0
ENSG00000263793	0	0	0	0	0	0
ENSG00000266802	0	0	0	0	0	0
ENSG00000169641	911	1043	806	1358	1309	1203
ENSG00000229010	0	0	0	0	0	0
ENSG00000206935	0	0	0	0	0	0
ENSG00000252578	0	0	0	0	0	0
ENSG00000179546	25	21	19	2	1	1
ENSG00000215381	0	0	0	0	0	0
ENSG00000261326	442	435	285	115	259	56
ENSG00000284726	0	0	0	0	0	0
ENSG00000125944	4200	5019	3724	10345	8593	7979
ENSG00000125945	396	479	264	319	297	247
ENSG00000249087	36	63	41	67	150	45
ENSG00000201405	0	0	0	0	0	0
ENSG00000271420	46	50	26	29	30	19
ENSG00000204219	5044	5456	3503	6928	5067	5551
ENSG00000232482	0	0	0	0	0	0
ENSG00000088280	509	612	425	1151	981	1034
ENSG00000007968	70	89	75	609	755	487
ENSG00000235052	3	14	8	4	5	0
ENSG00000117318	1035	988	707	1037	1279	1157
ENSG00000285802	0	0	0	0	0	0
ENSG00000197880	0	0	0	0	0	0
ENSG00000229239	0	0	0	0	0	0
ENSG00000142676	82583	76381	49921	49690	36181	40799
ENSG00000236810	144	198	117	87	120	81
ENSG00000011007	2828	3094	2151	2759	2507	2171
ENSG00000057757	1484	1467	919	1081	938	825
ENSG00000011009	3344	3620	2722	2843	2843	2653
ENSG00000117308	2458	2107	1642	2884	2541	2322
ENSG00000117305	1060	1136	787	811	570	650
ENSG00000179163	1111	1179	801	941	677	749
ENSG00000188822	1	0	2	0	0	0
ENSG00000229106	0	0	0	0	0	0
ENSG00000232557	0	0	0	0	0	0
ENSG00000264926	0	0	0	0	0	0
ENSG00000230228	0	0	0	0	0	0
ENSG00000189266	3304	4189	2884	5305	4256	3545
ENSG00000188529	3561	3961	3171	4778	6255	3259
ENSG00000215905	0	0	0	0	0	0
ENSG00000225315	6	11	5	7	6	5
ENSG00000142661	824	873	635	1113	1220	965
ENSG00000230703	0	0	0	0	0	0
ENSG00000142677	736	681	474	426	401	347
ENSG00000185436	333	288	190	275	254	242
ENSG00000230023	0	0	0	0	1	0
ENSG00000232298	0	0	0	0	0	0
ENSG00000158055	0	0	2	0	0	0
ENSG00000001460	236	382	279	257	187	211
ENSG00000001461	734	835	629	485	421	417
ENSG00000286061	2	9	3	1	8	4
ENSG00000117602	703	989	774	690	571	483
ENSG00000264443	9	23	11	8	21	3
ENSG00000184454	471	441	304	406	367	349
ENSG00000227312	0	0	0	0	0	0
ENSG00000239106	0	0	0	0	0	0
ENSG00000133226	4590	3804	2760	3530	3767	2474
ENSG00000284699	0	0	0	0	0	0
ENSG00000169504	3467	3898	3480	6613	4924	4400
ENSG00000238482	0	0	0	0	0	0
ENSG00000020633	1	0	0	10	4	4
ENSG00000278034	0	0	0	0	0	0
ENSG00000229162	0	0	0	0	0	0
ENSG00000261025	0	0	0	0	0	0
ENSG00000264371	0	0	0	0	0	0
ENSG00000285823	0	0	0	0	0	0
ENSG00000233755	0	0	0	0	1	0
ENSG00000233419	32	16	22	27	45	14
ENSG00000231953	0	0	0	0	0	0
ENSG00000117614	2930	2648	1613	1449	904	1134
ENSG00000284602	7	10	9	4	9	8
ENSG00000284657	3	1	0	5	5	1
ENSG00000117616	2118	1854	1443	973	1590	627
ENSG00000272432	2	2	3	2	0	3
ENSG00000261349	5	1	3	4	7	3
ENSG00000187010	0	1	0	0	0	0
ENSG00000224183	0	0	1	0	0	0
ENSG00000259984	2	1	0	2	0	2
ENSG00000183726	2962	3069	2188	1900	1522	1581
ENSG00000188672	4	4	3	9	2	2
ENSG00000238084	1	0	0	0	0	0
ENSG00000204178	3583	3175	2232	1982	1100	1431
ENSG00000157978	727	985	634	552	611	455
ENSG00000225643	5	3	2	2	0	0
ENSG00000117643	3	5	2	4	1	0
ENSG00000233478	0	0	0	0	0	0
ENSG00000162430	581	864	594	888	999	724
ENSG00000255054	0	0	0	0	0	0
ENSG00000228172	2	5	3	12	7	12
ENSG00000117640	1750	1479	1079	945	830	719
ENSG00000272478	0	0	0	0	0	0
ENSG00000127423	149	194	134	533	430	400
ENSG00000236528	8	4	4	6	9	8
ENSG00000182749	326	435	303	647	488	542
ENSG00000207302	0	0	0	0	0	0
ENSG00000117632	2187	2640	1834	10819	9332	8518
ENSG00000229786	0	0	0	0	0	0
ENSG00000223624	0	0	0	0	0	0
ENSG00000283938	0	0	0	0	0	0
ENSG00000158006	477	560	357	683	675	551
ENSG00000207237	0	0	0	0	0	0
ENSG00000252190	0	0	0	0	0	0
ENSG00000252691	0	0	0	0	0	0
ENSG00000158008	0	0	0	3	2	2
ENSG00000158014	0	0	0	1	0	0
ENSG00000284309	0	0	0	0	0	0
ENSG00000158022	0	0	0	0	0	0
ENSG00000175087	197	298	219	266	218	153
ENSG00000197245	4	3	2	0	0	0
ENSG00000282872	0	0	0	0	0	0
ENSG00000236782	0	7	2	1	1	0
ENSG00000142684	1391	1808	1177	523	600	615
ENSG00000142675	1266	1288	806	357	496	265
ENSG00000188782	1	0	0	0	0	0
ENSG00000236155	334	294	228	155	139	115
ENSG00000278572	0	0	0	0	0	0
ENSG00000130695	987	1033	672	1984	2314	1706
ENSG00000270733	0	0	0	0	0	0
ENSG00000142669	2119	2090	1372	599	733	503
ENSG00000158062	530	765	434	969	1667	907
ENSG00000169442	0	0	0	2	2	0
ENSG00000176092	64	61	46	34	30	28
ENSG00000225854	0	0	0	0	0	0
ENSG00000176083	0	0	0	0	0	0
ENSG00000131914	0	0	0	0	0	0
ENSG00000117682	2632	2221	1321	769	916	650
ENSG00000223583	0	0	0	0	1	0
ENSG00000225891	0	2	5	4	6	1
ENSG00000198830	1135	1739	1253	5314	5821	4722
ENSG00000224129	0	0	0	0	0	0
ENSG00000117676	2514	2412	1583	1670	1553	1290
ENSG00000238705	0	0	0	0	0	0
ENSG00000243905	0	0	0	0	0	0
ENSG00000252802	0	0	0	0	0	0
ENSG00000252429	0	0	0	0	0	0
ENSG00000229247	0	0	0	0	0	0
ENSG00000238316	0	0	0	0	0	0
ENSG00000235069	0	0	0	0	0	0
ENSG00000260063	1	6	5	4	6	5
ENSG00000117713	2592	3370	2360	4272	3406	3621
ENSG00000060642	757	893	555	593	474	481
ENSG00000241188	0	0	0	0	1	0
ENSG00000287810	0	0	0	0	0	0
ENSG00000204160	2224	2027	1484	1254	1092	1121
ENSG00000175793	2717	3113	2048	1441	1201	1174
ENSG00000142751	1708	1547	1137	833	838	691
ENSG00000226698	0	2	0	0	0	0
ENSG00000198746	1003	1145	805	671	595	590
ENSG00000090273	9896	9277	5843	8127	7964	7001
ENSG00000131910	3183	3006	2163	1026	823	977
ENSG00000175707	436	570	468	116	122	101
ENSG00000172746	0	1	2	0	0	0
ENSG00000224064	0	0	0	0	0	0
ENSG00000225294	0	0	0	0	0	0
ENSG00000253368	2695	2579	1840	1407	1135	1186
ENSG00000158246	24	32	12	11	14	21
ENSG00000090020	926	960	662	621	500	493
ENSG00000229985	0	0	0	0	0	0
ENSG00000214973	0	0	0	0	0	0
ENSG00000225159	4	5	2	10	5	8
ENSG00000225990	0	0	0	0	0	0
ENSG00000224311	0	0	0	0	0	0
ENSG00000142784	1390	1699	1139	787	666	733
ENSG00000252098	0	0	0	0	0	0
ENSG00000243659	1	2	0	0	0	0
ENSG00000186501	1596	1934	1375	1520	1269	1222
ENSG00000206888	0	0	0	2	0	0
ENSG00000241547	4	6	8	15	12	7
ENSG00000142765	868	959	662	339	590	362
ENSG00000142733	133	141	87	95	143	77
ENSG00000142748	0	0	0	0	0	0
ENSG00000174950	0	1	0	0	0	0
ENSG00000231207	0	0	0	0	0	0
ENSG00000181773	49	77	43	112	90	100
ENSG00000158195	3590	3816	2684	4662	3348	3890
ENSG00000241169	0	0	0	0	0	0
ENSG00000237429	3	3	1	3	7	2
ENSG00000126705	430	641	516	418	514	598
ENSG00000000938	1	0	0	0	0	0
ENSG00000235912	3	2	1	1	1	1
ENSG00000233975	0	0	0	0	0	0
ENSG00000126709	56	27	21	8	3	7
ENSG00000225886	0	0	0	0	0	0
ENSG00000206767	0	0	0	0	0	0
ENSG00000226662	0	0	0	0	0	0
ENSG00000207095	0	0	0	0	0	0
ENSG00000287244	3	0	0	0	0	0
ENSG00000009780	266	319	239	273	230	187
ENSG00000231344	1	4	1	3	0	1
ENSG00000230833	0	0	0	0	0	2
ENSG00000117758	730	761	475	600	535	392
ENSG00000269971	4	4	2	0	9	0
ENSG00000270031	0	0	1	0	1	0
ENSG00000223062	0	0	0	0	0	0
ENSG00000286433	1	0	1	0	3	1
ENSG00000117751	2169	2750	1823	2538	2030	2112
ENSG00000252947	0	1	0	1	1	1
ENSG00000130775	5	10	5	9	5	6
ENSG00000117748	803	789	545	1149	1098	873
ENSG00000130768	46	43	28	14	5	12
ENSG00000227050	0	1	0	0	0	0
ENSG00000158156	359	379	292	238	199	218
ENSG00000158161	724	771	552	1022	931	806
ENSG00000238231	3	0	0	0	3	0
ENSG00000240750	0	0	0	0	1	0
ENSG00000228589	7	6	2	6	13	6
ENSG00000228943	0	0	0	0	0	0
ENSG00000214812	0	0	0	0	0	0
ENSG00000253005	0	0	0	0	0	0
ENSG00000169403	86	160	85	10	14	10
ENSG00000126698	4716	4221	2748	4650	3964	3657
ENSG00000130770	2057	2154	1391	2037	2208	1911
ENSG00000270605	245	301	199	105	139	62
ENSG00000271398	0	0	0	0	0	1
ENSG00000130766	2164	2460	1717	2596	1510	2261
ENSG00000130772	675	832	580	284	260	238
ENSG00000204138	2175	2615	2011	2864	1988	2260
ENSG00000206779	0	0	0	0	0	0
ENSG00000229820	0	1	1	0	0	0
ENSG00000221216	0	0	1	1	0	0
ENSG00000180198	7170	6790	4917	7681	6777	6331
ENSG00000242125	2981	3139	2082	3244	5061	2283
ENSG00000274266	0	0	0	0	0	0
ENSG00000200087	68	98	69	89	148	61
ENSG00000231468	0	0	0	0	0	0
ENSG00000279443	27	13	2	4	0	0
ENSG00000180098	752	772	501	497	467	372
ENSG00000197989	1364	1419	999	827	1829	729
ENSG00000221539	20	27	16	16	53	12
ENSG00000278274	0	0	0	0	0	0
ENSG00000273544	0	0	0	0	0	0
ENSG00000280498	0	0	0	0	0	0
ENSG00000274582	0	0	0	0	0	0
ENSG00000120656	1065	1065	795	658	477	456
ENSG00000188060	847	755	568	1098	1000	895
ENSG00000229388	5	6	2	0	0	0
ENSG00000270103	0	0	0	0	0	0
ENSG00000274978	0	0	0	0	0	0
ENSG00000162419	439	547	369	263	229	229
ENSG00000252777	0	1	0	0	0	0
ENSG00000198492	5591	7370	5327	3336	2889	2537
ENSG00000116329	1	1	0	6	1	2
ENSG00000233427	2	0	0	1	2	0
ENSG00000199756	0	0	0	0	0	0
ENSG00000159023	2826	2498	1690	3632	3005	2941
ENSG00000225616	1	2	1	1	1	1
ENSG00000206704	0	0	0	0	0	0
ENSG00000277958	0	0	0	0	0	0
ENSG00000253304	36	36	27	27	15	20
ENSG00000225750	0	0	0	0	0	0
ENSG00000116350	5772	5749	3871	3874	3334	2916
ENSG00000277916	0	0	0	0	0	0
ENSG00000116353	536	690	482	623	662	571
ENSG00000237934	0	0	0	0	0	0
ENSG00000060656	2641	3908	2778	3205	2927	3299
ENSG00000230523	0	0	0	0	0	0
ENSG00000225011	0	0	0	0	0	0
ENSG00000228176	0	0	0	0	0	0
ENSG00000284676	0	0	0	0	0	0
ENSG00000270927	0	0	0	0	0	0
ENSG00000233399	0	0	0	0	0	0
ENSG00000233372	0	0	0	0	0	0
ENSG00000231251	0	0	0	0	0	0
ENSG00000236335	0	0	0	0	0	0
ENSG00000231949	0	0	0	0	0	0
ENSG00000162510	3	4	5	1	3	2
ENSG00000186056	7	9	3	2	0	3
ENSG00000287510	0	0	1	0	0	0
ENSG00000162511	31	50	30	0	2	2
ENSG00000264773	0	0	0	0	0	0
ENSG00000229607	0	0	0	0	0	0
ENSG00000223382	0	0	1	0	0	0
ENSG00000222784	0	0	0	0	0	0
ENSG00000235143	0	0	0	0	0	0
ENSG00000162512	18	44	30	9	6	18
ENSG00000266210	0	0	0	0	0	0
ENSG00000134644	2957	3457	2695	4616	3584	3359
ENSG00000237329	0	0	0	0	0	0
ENSG00000232768	0	0	0	0	0	0
ENSG00000215900	0	0	0	0	0	0
ENSG00000225142	0	0	0	0	0	0
ENSG00000084628	10	18	15	18	15	17
ENSG00000060688	1278	1602	966	2706	2150	2165
ENSG00000229447	5	14	2	0	2	1
ENSG00000121766	1118	1070	731	1216	1189	1018
ENSG00000229044	0	2	0	0	0	0
ENSG00000121769	1	1	0	2	0	0
ENSG00000168528	2028	1915	1457	271	261	209
ENSG00000215899	0	0	0	0	0	0
ENSG00000206981	0	0	0	0	0	0
ENSG00000260386	0	0	2	0	0	0
ENSG00000265961	0	0	0	0	0	0
ENSG00000284543	10	4	1	4	1	2
ENSG00000229167	71	48	39	10	13	7
ENSG00000142910	1723	1700	1176	252	297	227
ENSG00000121764	0	0	0	0	0	0
ENSG00000162517	2296	2559	1631	1928	1562	1510
ENSG00000235790	1	3	7	0	5	3
ENSG00000264078	0	0	1	0	0	0
ENSG00000084636	5121	4216	2815	680	1401	737
ENSG00000121753	0	0	4	1	0	2
ENSG00000266580	0	0	0	0	0	0
ENSG00000254545	0	0	0	0	0	0
ENSG00000134668	2	3	0	0	0	1
ENSG00000203620	0	0	0	0	0	0
ENSG00000269967	1	2	0	0	0	1
ENSG00000184007	7591	7649	5702	5530	3824	4167
ENSG00000228634	0	0	0	0	0	0
ENSG00000284702	0	0	0	0	0	0
ENSG00000121774	4333	5203	3873	6981	5392	5610
ENSG00000203325	0	0	0	0	0	0
ENSG00000121775	294	410	269	294	279	298
ENSG00000266203	0	0	0	0	0	0
ENSG00000276493	0	0	0	0	0	0
ENSG00000025800	1889	2398	1780	2159	2045	1734
ENSG00000250135	0	0	0	0	0	1
ENSG00000084652	4993	5350	3776	5111	4802	4333
ENSG00000160050	28	38	17	45	36	30
ENSG00000224066	26	44	23	7	13	10
ENSG00000160051	59	98	52	127	180	148
ENSG00000222046	0	0	0	0	0	0
ENSG00000160055	193	262	186	146	187	119
ENSG00000084623	9077	9119	6270	8355	7415	6760
ENSG00000220785	104	90	52	45	40	22
ENSG00000183615	7	3	3	1	0	0
ENSG00000182866	40	37	20	4	1	3
ENSG00000277617	0	0	0	0	0	0
ENSG00000252450	0	0	0	0	0	0
ENSG00000116478	4225	4078	2892	5838	4875	4561
ENSG00000175130	5755	7413	5208	9387	7797	8258
ENSG00000233775	4	9	7	4	8	9
ENSG00000162526	5	6	0	5	12	4
ENSG00000225828	1444	1248	725	349	760	276
ENSG00000160058	4187	4104	2977	2550	2790	1971
ENSG00000224333	0	0	0	0	0	0
ENSG00000270850	0	0	0	0	0	0
ENSG00000229259	0	0	0	0	0	0
ENSG00000263529	0	0	0	0	0	0
ENSG00000254553	0	0	0	0	0	0
ENSG00000273274	0	0	0	0	0	0
ENSG00000160062	120	192	122	78	57	45
ENSG00000176261	1377	1202	816	955	1134	922
ENSG00000200591	0	0	0	0	0	0
ENSG00000162521	8303	7359	5245	10362	8990	7819
ENSG00000162520	461	553	408	223	144	186
ENSG00000224409	0	0	0	0	0	0
ENSG00000162522	5083	5372	3822	1996	1918	1782
ENSG00000134684	8780	9278	6174	10730	8370	8301
ENSG00000116497	576	701	497	774	789	588
ENSG00000160097	13	31	13	22	19	12
ENSG00000121905	0	0	0	0	0	0
ENSG00000121900	19	29	23	12	10	6
ENSG00000287691	0	0	0	0	0	0
ENSG00000116514	815	1014	674	741	504	641
ENSG00000278966	0	0	0	0	0	0
ENSG00000217644	0	0	0	0	0	0
ENSG00000239670	0	0	0	0	0	0
ENSG00000236065	0	0	0	0	0	0
ENSG00000004455	6230	5828	4155	7912	7970	6240
ENSG00000276645	0	1	0	0	0	0
ENSG00000142920	100	119	89	136	106	99
ENSG00000278997	12	12	16	3	4	2
ENSG00000116525	169	288	222	108	102	93
ENSG00000279179	1	0	2	0	7	3
ENSG00000284721	0	0	0	0	0	0
ENSG00000160094	425	619	443	843	642	751
ENSG00000270115	0	0	0	2	3	0
ENSG00000184389	0	0	0	0	0	0
ENSG00000225313	1	1	0	2	0	0
ENSG00000134686	6091	5982	4090	5016	3370	4087
ENSG00000284154	9	7	1	3	1	3
ENSG00000222112	1	3	1	4	8	2
ENSG00000233246	1	1	4	1	2	2
ENSG00000234512	0	0	0	0	0	0
ENSG00000121903	161	171	130	182	190	138
ENSG00000235907	0	0	0	0	0	0
ENSG00000121904	1	0	0	0	0	0
ENSG00000227000	0	0	0	0	0	0
ENSG00000176256	0	0	0	0	0	0
ENSG00000231163	0	0	0	0	0	0
ENSG00000201148	0	0	0	0	0	0
ENSG00000142698	0	0	0	0	0	0
ENSG00000270241	0	0	0	0	0	0
ENSG00000287703	0	0	0	0	0	0
ENSG00000207941	0	0	0	0	0	0
ENSG00000163866	918	1026	631	1030	873	832
ENSG00000189280	0	0	0	0	0	0
ENSG00000189433	0	0	0	0	0	0
ENSG00000255811	0	0	0	0	0	0
ENSG00000188910	0	2	0	0	0	0
ENSG00000187513	0	0	0	0	0	0
ENSG00000230163	0	1	0	0	0	0
ENSG00000116544	6	6	5	16	2	4
ENSG00000284773	15	6	2	1	4	3
ENSG00000241014	3	1	2	2	8	3
ENSG00000271741	0	0	0	0	0	0
ENSG00000243749	0	0	0	0	0	0
ENSG00000163867	350	326	294	172	193	101
ENSG00000197056	266	340	232	337	337	190
ENSG00000233940	0	0	0	0	0	0
ENSG00000228348	0	0	0	0	0	0
ENSG00000284640	1	0	1	0	0	0
ENSG00000116560	12146	13172	9008	10340	11227	8069
ENSG00000201868	0	0	0	0	0	0
ENSG00000146463	1784	2117	1452	2464	1911	1940
ENSG00000240374	0	0	0	0	0	0
ENSG00000201542	0	0	0	0	0	0
ENSG00000229994	6	6	1	1	6	7
ENSG00000227409	0	0	0	0	0	0
ENSG00000278702	0	0	0	0	0	0
ENSG00000142687	3956	3855	2672	2647	2280	2269
ENSG00000236274	0	0	0	0	0	0
ENSG00000020129	1122	1054	754	702	707	676
ENSG00000239636	3	8	3	2	0	3
ENSG00000116819	70	96	65	39	38	34
ENSG00000126067	3892	4276	2930	5735	5213	4523
ENSG00000142686	48	83	52	147	216	126
ENSG00000092853	190	292	239	1397	1507	1143
ENSG00000232335	0	0	0	0	1	1
ENSG00000134698	843	795	646	513	407	374
ENSG00000092847	1179	1353	998	1841	1821	1550
ENSG00000271164	0	0	0	0	0	0
ENSG00000286899	0	0	0	0	0	0
ENSG00000271914	5	3	3	0	0	0
ENSG00000126070	957	969	707	619	581	425
ENSG00000271554	0	0	0	0	0	0
ENSG00000232862	0	0	0	0	0	0
ENSG00000092850	4	11	3	2	3	1
ENSG00000116863	1801	1939	1275	991	961	835
ENSG00000171812	9	4	3	3	1	1
ENSG00000054116	2386	2485	1687	1710	1505	1452
ENSG00000116871	916	932	699	480	458	582
ENSG00000264592	0	0	0	0	0	0
ENSG00000054118	6366	6675	4810	6168	5219	5126
ENSG00000231849	0	0	0	0	0	0
ENSG00000214193	1090	1193	810	587	1149	520
ENSG00000142694	32	27	28	19	20	44
ENSG00000286379	16	12	5	2	9	3
ENSG00000196182	3766	4106	3013	4858	3806	4414
ENSG00000181817	1449	1745	1137	773	841	737
ENSG00000222821	0	0	0	0	0	0
ENSG00000116885	7	10	5	12	14	24
ENSG00000201448	0	0	0	0	0	0
ENSG00000116898	3473	3367	2033	3318	2612	3028
ENSG00000119535	407	409	284	199	179	202
ENSG00000230214	0	0	0	0	0	0
ENSG00000284705	0	0	0	0	0	0
ENSG00000284720	0	0	0	0	0	0
ENSG00000234481	0	0	0	0	0	0
ENSG00000163873	0	0	0	0	0	0
ENSG00000284650	0	0	0	0	0	0
ENSG00000223944	0	0	0	0	0	0
ENSG00000264698	0	0	0	0	0	0
ENSG00000207328	0	0	0	0	0	0
ENSG00000252368	0	0	0	0	0	0
ENSG00000230451	0	0	0	0	0	0
ENSG00000233621	50	57	33	14	18	21
ENSG00000163874	575	700	513	341	396	378
ENSG00000283724	0	0	0	0	0	0
ENSG00000163875	2020	2367	1694	1619	1177	1192
ENSG00000263675	0	1	3	3	3	2
ENSG00000163877	636	688	548	577	437	406
ENSG00000232273	0	0	0	0	0	0
ENSG00000237749	1	0	0	2	0	1
ENSG00000163879	18	30	30	16	19	13
ENSG00000134697	5519	5331	3390	3655	2900	2891
ENSG00000284748	0	0	0	0	0	0
ENSG00000169218	1	1	1	0	0	0
ENSG00000116922	494	560	353	903	982	767
ENSG00000134690	383	693	475	2700	2539	2070
ENSG00000183317	13	13	10	19	14	11
ENSG00000200421	0	0	0	0	0	0
ENSG00000214141	0	0	0	0	0	0
ENSG00000227416	0	0	0	0	0	0
ENSG00000185090	877	1166	801	1371	1197	1305
ENSG00000233728	0	0	1	0	0	0
ENSG00000196449	1035	1129	792	1079	964	907
ENSG00000197982	569	513	352	372	391	416
ENSG00000188786	608	630	408	598	635	535
ENSG00000235673	0	0	0	0	1	0
ENSG00000230955	2	1	1	2	4	0
ENSG00000204084	364	378	235	474	478	399
ENSG00000252448	0	0	0	0	0	0
ENSG00000222282	0	0	0	0	0	0
ENSG00000277168	0	0	0	0	0	0
ENSG00000183431	4991	4840	3111	6386	5284	5076
ENSG00000212541	0	0	0	1	1	0
ENSG00000183386	1110	1183	787	376	283	265
ENSG00000183520	1579	1437	978	1501	1082	1184
ENSG00000185668	1	4	2	0	0	5
ENSG00000224592	6	18	16	13	9	9
ENSG00000223589	0	0	0	0	0	0
ENSG00000265596	0	0	0	0	0	0
ENSG00000284623	0	0	0	0	0	0
ENSG00000286552	0	0	0	0	0	0
ENSG00000287987	0	0	0	0	0	0
ENSG00000237290	0	0	0	0	0	0
ENSG00000275350	0	0	0	0	0	0
ENSG00000200796	0	0	0	0	0	0
ENSG00000238063	0	0	0	0	0	0
ENSG00000215895	2	1	1	1	2	0
ENSG00000284632	0	0	0	0	0	0
ENSG00000116954	719	804	520	303	238	233
ENSG00000273637	0	0	0	0	0	0
ENSG00000228436	53	50	43	25	24	8
ENSG00000214114	233	217	179	585	651	480
ENSG00000274944	0	0	0	0	3	0
ENSG00000131233	0	0	0	0	0	0
ENSG00000158315	13	12	5	264	169	200
ENSG00000199963	0	0	0	0	0	0
ENSG00000207466	0	0	0	0	0	0
ENSG00000235549	0	0	0	0	0	0
ENSG00000174574	2881	3230	2378	8602	5329	6546
ENSG00000168653	2793	2528	1806	4635	3965	3991
ENSG00000127603	6621	6729	4892	7407	5469	6153
ENSG00000206654	0	0	0	0	0	0
ENSG00000222378	0	0	0	0	0	0
ENSG00000287422	0	0	0	0	0	0
ENSG00000226438	0	0	0	0	0	0
ENSG00000217897	0	0	0	1	0	0
ENSG00000183682	3	5	0	2	0	2
ENSG00000237624	0	0	1	1	2	0
ENSG00000243970	56	46	31	18	46	22
ENSG00000090621	7369	6865	4755	7444	8596	6137
ENSG00000228060	0	2	0	0	0	0
ENSG00000201457	4	6	5	4	20	4
ENSG00000163909	6	4	2	2	2	3
ENSG00000225903	0	0	0	0	0	0
ENSG00000116981	0	0	0	0	0	0
ENSG00000116983	0	0	0	0	0	0
ENSG00000084072	772	945	659	767	622	652
ENSG00000225333	0	0	0	0	0	0
ENSG00000252413	0	0	0	0	0	0
ENSG00000116985	180	226	164	185	183	209
ENSG00000198754	23	25	10	25	28	9
ENSG00000285905	0	0	0	0	0	0
ENSG00000261798	6	13	5	9	16	4
ENSG00000229213	0	0	0	0	0	0
ENSG00000284719	0	0	0	0	0	0
ENSG00000284678	5	0	0	0	0	0
ENSG00000043514	759	701	515	682	729	547
ENSG00000202222	0	0	0	0	0	0
ENSG00000116990	118	141	87	64	27	69
ENSG00000236546	0	0	2	0	0	0
ENSG00000207356	0	0	0	0	0	0
ENSG00000168389	52	28	19	3	3	5
ENSG00000228477	1	3	3	1	2	3
ENSG00000131236	5817	5465	3869	6901	5564	5505
ENSG00000131238	3799	4216	2893	6071	4841	4739
ENSG00000226745	0	0	0	0	0	0
ENSG00000117000	1845	1870	1424	1142	748	794
ENSG00000207508	0	2	0	0	0	0
ENSG00000188800	0	1	0	0	0	0
ENSG00000259943	100	100	97	181	186	122
ENSG00000084073	1998	2649	2120	2416	1798	1690
ENSG00000231296	0	0	0	0	0	0
ENSG00000049089	675	755	535	871	1413	971
ENSG00000227311	1	0	0	1	1	2
ENSG00000084070	1763	1708	1187	2020	1591	1609
ENSG00000213172	0	0	0	0	0	0
ENSG00000284677	0	0	1	0	0	0
ENSG00000187801	407	361	267	485	338	358
ENSG00000260920	692	619	440	283	172	164
ENSG00000279667	8	6	6	2	1	3
ENSG00000187815	289	355	237	197	194	177
ENSG00000238287	41	35	22	18	29	24
ENSG00000164002	471	497	338	450	486	367
ENSG00000227278	2	0	1	0	0	0
ENSG00000238186	3	1	2	1	0	0
ENSG00000117010	311	416	334	200	188	131
ENSG00000286838	0	0	0	0	0	1
ENSG00000236505	0	0	0	0	0	1
ENSG00000233910	0	0	0	0	0	0
ENSG00000117016	123	155	103	470	405	402
ENSG00000287743	0	0	0	0	0	0
ENSG00000237899	1	0	1	1	6	4
ENSG00000272145	50	22	26	39	108	20
ENSG00000066136	2689	2982	2074	2258	2164	2054
ENSG00000198974	0	0	0	0	0	0
ENSG00000207962	2	0	0	0	1	0
ENSG00000117013	7	7	2	2	2	0
ENSG00000264582	0	0	0	0	0	0
ENSG00000179862	226	302	237	218	146	240
ENSG00000229528	0	0	0	0	0	0
ENSG00000228940	0	3	0	1	5	0
ENSG00000286668	0	2	0	0	0	0
ENSG00000233118	0	0	0	0	0	0
ENSG00000171793	2020	2049	1323	3578	3402	2743
ENSG00000281207	18	23	18	15	61	9
ENSG00000171790	66	54	30	24	34	15
ENSG00000010803	5117	4715	3212	4260	3097	3240
ENSG00000215893	0	0	0	0	0	0
ENSG00000287400	0	0	0	1	2	0
ENSG00000235358	7	11	1	6	6	2
ENSG00000213987	0	0	0	0	0	0
ENSG00000286640	0	0	0	0	0	0
ENSG00000204060	3	2	1	0	0	3
ENSG00000229901	0	0	0	0	0	0
ENSG00000252563	0	0	0	0	0	0
ENSG00000127129	0	1	1	0	0	0
ENSG00000127124	1	6	1	1	0	4
ENSG00000230881	0	0	0	0	0	0
ENSG00000230638	0	0	0	0	0	0
ENSG00000284895	0	0	0	0	0	0
ENSG00000287587	1	0	0	0	0	0
ENSG00000227538	0	0	0	0	0	0
ENSG00000228776	0	0	0	0	0	0
ENSG00000044012	0	0	0	0	0	0
ENSG00000197273	4	0	1	2	0	1
ENSG00000198815	2130	2141	1463	2039	1693	1442
ENSG00000227527	0	0	0	0	0	0
ENSG00000177181	221	311	213	302	279	301
ENSG00000235002	0	0	0	0	0	0
ENSG00000066185	8	4	4	4	2	0
ENSG00000127125	1456	1788	1228	787	757	641
ENSG00000186409	96	51	48	30	46	29
ENSG00000230116	0	0	0	0	0	0
ENSG00000236876	0	0	0	0	0	0
ENSG00000200254	0	0	0	0	0	0
ENSG00000236180	0	0	0	0	0	0
ENSG00000171960	601	641	463	1263	1237	1058
ENSG00000285728	7	11	6	4	3	6
ENSG00000234917	3	7	3	2	8	3
ENSG00000065978	35879	34177	22412	34092	30170	28532
ENSG00000164007	9	21	20	54	58	50
ENSG00000117385	5340	4183	2780	3137	2838	2740
ENSG00000164008	82	78	53	177	134	159
ENSG00000283580	0	0	0	0	0	0
ENSG00000228452	0	0	0	0	0	0
ENSG00000274386	7	16	8	6	4	0
ENSG00000177868	857	886	623	602	531	555
ENSG00000164010	286	270	172	254	232	220
ENSG00000228192	96	129	87	119	162	97
ENSG00000164011	348	496	315	334	438	232
ENSG00000233708	0	0	0	0	0	0
ENSG00000237090	0	0	0	0	0	0
ENSG00000225099	0	0	0	0	0	0
ENSG00000117394	8122	10342	7195	20295	16853	18238
ENSG00000284138	2	1	1	1	2	1
ENSG00000227533	17	22	18	24	19	18
ENSG00000283973	16	15	11	17	17	10
ENSG00000207256	0	0	0	1	0	0
ENSG00000283136	0	0	0	0	0	0
ENSG00000277513	0	0	0	0	0	0
ENSG00000186973	31	49	26	41	29	14
ENSG00000117395	3208	2986	1983	3773	3914	3235
ENSG00000284410	0	0	0	0	0	0
ENSG00000243710	5	9	10	2	6	2
ENSG00000199240	0	0	0	0	0	0
ENSG00000179178	79	52	40	2	2	6
ENSG00000253313	95	73	65	23	15	13
ENSG00000066056	2	0	2	0	0	0
ENSG00000117400	11	2	5	3	2	3
ENSG00000287113	2	0	2	0	2	0
ENSG00000234694	5	10	7	3	7	5
ENSG00000117399	1001	1754	1234	4817	5035	4232
ENSG00000066322	2382	2382	1586	1897	1398	1528
ENSG00000283836	0	0	0	0	0	0
ENSG00000159479	3157	2449	1700	1808	1376	1376
ENSG00000229431	0	0	1	1	0	0
ENSG00000198198	2800	2621	1753	1430	1796	1135
ENSG00000229372	0	1	0	2	0	0
ENSG00000274975	0	0	0	0	0	0
ENSG00000178922	0	3	0	0	0	0
ENSG00000229348	11	2	3	2	0	0
ENSG00000142949	7487	8844	6309	9345	6706	8442
ENSG00000066135	1157	1294	880	1097	720	927
ENSG00000284989	0	0	0	0	0	0
ENSG00000236200	15	21	12	33	62	20
ENSG00000126091	55	68	38	33	66	14
ENSG00000229444	0	0	0	0	0	0
ENSG00000283414	0	0	0	0	0	0
ENSG00000233674	0	0	0	2	0	0
ENSG00000283477	0	0	0	0	0	0
ENSG00000224751	0	0	0	0	0	0
ENSG00000117407	26	26	9	6	9	9
ENSG00000237950	56	61	39	15	44	19
ENSG00000288573	7	17	10	5	21	10
ENSG00000117408	1205	1297	859	1087	1195	947
ENSG00000285649	3	1	1	8	5	2
ENSG00000132768	3466	3613	2508	2231	2499	1966
ENSG00000117410	4730	4585	3157	2973	3105	2707
ENSG00000117411	2980	2920	2090	2681	2796	2568
ENSG00000159214	49	68	42	44	97	66
ENSG00000196517	2544	2370	1754	2047	1428	1660
ENSG00000230615	7	9	3	6	7	7
ENSG00000227163	0	0	0	0	0	0
ENSG00000271647	4	1	0	1	0	0
ENSG00000239560	0	0	0	0	0	0
ENSG00000171872	0	0	0	0	0	0
ENSG00000233514	0	1	0	0	2	3
ENSG00000283039	2	1	2	4	2	3
ENSG00000226804	0	0	0	0	0	0
ENSG00000200171	0	0	0	0	0	0
ENSG00000238037	0	0	0	0	0	0
ENSG00000227994	0	0	0	0	0	0
ENSG00000271329	1	1	2	0	0	0
ENSG00000178028	1426	1690	1022	1192	1784	943
ENSG00000117419	1356	1586	1051	1456	1185	1170
ENSG00000233602	2	1	1	3	1	1
ENSG00000199385	0	0	0	0	0	0
ENSG00000187147	3412	3351	2420	2452	2112	2045
ENSG00000263381	0	0	0	0	0	0
ENSG00000126106	452	619	425	517	382	453
ENSG00000198520	3	10	4	2	4	1
ENSG00000199377	0	0	0	0	0	0
ENSG00000200169	0	0	2	0	1	0
ENSG00000142945	616	898	663	4214	4157	3492
ENSG00000225721	10	48	34	24	14	9
ENSG00000142937	91199	86633	58068	66439	43296	53965
ENSG00000264294	0	0	0	0	0	0
ENSG00000200913	3	13	7	12	35	14
ENSG00000202031	0	0	1	0	0	0
ENSG00000207421	0	0	0	0	0	0
ENSG00000281859	0	0	0	0	0	0
ENSG00000234093	3	3	0	2	2	5
ENSG00000142959	75	100	46	81	75	77
ENSG00000173846	875	936	594	328	382	299
ENSG00000188396	2	3	0	0	0	1
ENSG00000222009	388	390	270	82	129	57
ENSG00000117425	106	113	99	64	120	47
ENSG00000202444	0	0	0	0	0	0
ENSG00000226499	2	0	4	1	0	0
ENSG00000070785	730	785	514	1296	987	1042
ENSG00000253039	0	0	0	0	0	0
ENSG00000229815	0	0	0	0	0	0
ENSG00000232369	0	0	0	0	0	0
ENSG00000268949	0	0	0	0	0	0
ENSG00000126107	3135	2811	1859	1366	1415	1104
ENSG00000126088	3502	3751	2430	3620	3902	2911
ENSG00000162415	946	960	652	1342	1370	949
ENSG00000234315	0	0	0	0	0	0
ENSG00000281912	30	54	39	20	30	26
ENSG00000186603	0	0	0	0	0	0
ENSG00000132781	49	48	34	31	42	24
ENSG00000288208	0	0	0	0	0	0
ENSG00000132773	1126	1269	869	1285	1301	954
ENSG00000070759	485	371	217	398	226	348
ENSG00000236872	0	0	0	0	0	0
ENSG00000280670	349	384	279	400	396	222
ENSG00000132763	703	835	498	617	527	474
ENSG00000117450	20950	17429	12004	28286	25508	23263
ENSG00000234379	0	0	0	0	0	0
ENSG00000117448	5795	5447	3776	4238	3491	3492
ENSG00000281133	0	1	0	3	3	1
ENSG00000280836	0	2	0	4	2	1
ENSG00000132780	6722	7603	5134	17110	16701	14427
ENSG00000281112	0	0	0	0	0	0
ENSG00000281825	0	0	0	0	0	0
ENSG00000159588	159	92	72	34	52	18
ENSG00000159592	6419	6506	4766	4571	3554	3329
ENSG00000225447	4	5	2	3	1	2
ENSG00000234329	28	24	9	5	12	7
ENSG00000159596	2141	2114	1522	1491	1059	1142
ENSG00000197429	95	168	143	272	222	195
ENSG00000230896	29	48	36	23	13	24
ENSG00000236111	0	0	0	0	0	0
ENSG00000086015	3884	4189	2777	2721	2663	2414
ENSG00000232467	0	1	0	0	0	0
ENSG00000117461	106	139	108	173	102	133
ENSG00000278139	0	0	0	0	0	0
ENSG00000226957	0	0	0	0	0	0
ENSG00000233114	0	0	0	0	0	0
ENSG00000227857	0	2	0	0	0	0
ENSG00000117472	56	50	30	14	20	12
ENSG00000250719	0	0	0	0	0	0
ENSG00000085998	2129	2349	1510	1818	1804	1553
ENSG00000171357	0	4	2	0	0	0
ENSG00000085999	386	567	387	1935	2605	1645
ENSG00000132128	2826	3641	2570	2330	1954	2027
ENSG00000173660	4222	4542	3185	3403	3214	3082
ENSG00000117481	1101	1070	776	1148	842	878
ENSG00000225779	0	1	0	0	0	0
ENSG00000117480	574	702	450	433	689	419
ENSG00000232022	3	1	0	0	0	0
ENSG00000224863	0	0	0	0	0	0
ENSG00000197587	0	1	0	0	0	0
ENSG00000282881	0	0	0	0	0	0
ENSG00000269956	0	0	0	0	0	0
ENSG00000162456	0	0	0	0	0	0
ENSG00000079277	1623	1633	1093	969	1061	757
ENSG00000142961	154	153	79	67	62	61
ENSG00000123472	1394	1536	1071	2099	1802	1669
ENSG00000233647	1	0	1	1	1	0
ENSG00000186118	0	0	0	0	1	0
ENSG00000228237	0	0	0	0	0	0
ENSG00000159658	1549	1453	1097	1360	1401	1069
ENSG00000236476	0	0	0	0	0	0
ENSG00000142973	0	0	0	0	0	0
ENSG00000154198	0	0	0	0	0	0
ENSG00000238145	0	0	0	0	0	0
ENSG00000187048	0	0	0	0	0	0
ENSG00000259832	0	0	0	0	0	0
ENSG00000261196	0	0	0	0	0	0
ENSG00000261593	0	0	0	0	0	0
ENSG00000261290	0	0	0	0	0	0
ENSG00000186377	0	0	0	0	0	0
ENSG00000186160	0	0	0	0	0	0
ENSG00000225154	0	0	0	0	0	0
ENSG00000225506	0	0	0	1	1	0
ENSG00000162365	0	0	0	0	0	0
ENSG00000225514	0	0	0	0	0	0
ENSG00000224805	0	0	1	1	2	0
ENSG00000162366	1	3	3	6	0	5
ENSG00000162367	1	0	0	0	0	0
ENSG00000226252	0	0	0	0	0	0
ENSG00000123473	346	618	419	1387	1187	1046
ENSG00000162368	3511	3077	2459	4058	2953	2662
ENSG00000225762	1	1	2	4	2	0
ENSG00000186790	0	0	0	0	0	1
ENSG00000237424	81	111	51	84	102	66
ENSG00000186564	2	13	9	10	0	10
ENSG00000271355	0	0	0	0	0	0
ENSG00000229554	0	0	0	0	0	0
ENSG00000227883	0	0	0	0	0	0
ENSG00000227947	0	0	0	0	0	0
ENSG00000269113	0	0	0	0	0	0
ENSG00000223814	0	0	0	0	0	0
ENSG00000225028	0	0	0	0	0	0
ENSG00000226133	0	0	0	0	0	0
ENSG00000231413	0	0	0	0	0	0
ENSG00000237180	0	0	0	0	0	0
ENSG00000242267	2	0	0	0	0	0
ENSG00000279096	0	0	0	0	0	0
ENSG00000223720	0	0	0	0	0	0
ENSG00000117834	1079	1316	901	1870	2000	1495
ENSG00000272491	3	7	2	0	0	0
ENSG00000279214	0	0	0	0	0	0
ENSG00000132122	39	88	65	46	35	35
ENSG00000224986	0	0	0	0	0	0
ENSG00000206700	0	0	0	0	0	0
ENSG00000235105	0	0	0	7	2	3
ENSG00000223175	0	0	0	0	0	0
ENSG00000232514	0	0	0	0	0	0
ENSG00000186094	0	0	0	0	0	0
ENSG00000287661	0	0	0	0	0	0
ENSG00000162373	0	0	0	0	0	0
ENSG00000286597	0	0	0	0	0	0
ENSG00000229846	0	0	0	0	0	0
ENSG00000230114	0	0	0	0	0	0
ENSG00000225623	0	0	0	0	0	0
ENSG00000237478	0	0	0	0	0	0
ENSG00000215887	0	0	0	0	0	0
ENSG00000279324	0	0	0	0	0	0
ENSG00000233595	0	0	0	0	0	0
ENSG00000162374	0	0	0	0	0	0
ENSG00000230828	0	0	0	0	0	0
ENSG00000237337	0	0	0	0	0	0
ENSG00000233407	0	0	0	0	0	0
ENSG00000284696	0	0	0	0	0	0
ENSG00000284645	0	0	0	0	0	0
ENSG00000234080	0	0	0	0	0	0
ENSG00000229316	0	0	0	0	0	0
ENSG00000225671	0	0	0	0	0	0
ENSG00000142700	0	0	0	1	0	1
ENSG00000284700	0	0	0	0	0	0
ENSG00000185104	1529	1491	1001	2210	1587	1897
ENSG00000225767	0	0	0	0	0	0
ENSG00000207194	0	0	0	0	0	0
ENSG00000230585	0	0	0	0	0	0
ENSG00000237130	0	0	0	0	0	0
ENSG00000123080	54	98	83	432	403	427
ENSG00000265538	0	0	0	0	0	0
ENSG00000275816	0	0	0	0	0	0
ENSG00000204006	0	0	0	0	0	0
ENSG00000200262	0	0	0	0	0	0
ENSG00000213478	0	0	0	0	0	0
ENSG00000203356	1	3	1	2	1	0
ENSG00000123091	1157	1279	1210	863	658	570
ENSG00000233406	1	0	1	0	1	0
ENSG00000236434	0	0	0	0	0	0
ENSG00000085831	67	36	33	3	1	3
ENSG00000261664	0	0	1	0	0	0
ENSG00000085832	1652	1558	1134	1489	1125	1070
ENSG00000232027	0	0	0	0	0	0
ENSG00000206595	0	0	0	0	0	0
ENSG00000238140	0	0	0	0	0	0
ENSG00000227070	19	16	10	11	15	10
ENSG00000252032	0	0	0	0	0	0
ENSG00000227742	0	0	0	1	0	0
ENSG00000117859	5524	5027	3576	6485	4645	4888
ENSG00000236973	0	0	0	0	0	0
ENSG00000232846	3	0	0	0	0	0
ENSG00000212624	0	0	0	0	0	0
ENSG00000078618	5250	5496	3774	5402	4362	4314
ENSG00000266993	26	21	13	6	14	3
ENSG00000272175	13	6	2	0	0	0
ENSG00000283899	0	0	0	0	0	0
ENSG00000230604	0	0	0	0	0	0
ENSG00000169213	637	378	291	172	120	148
ENSG00000200839	0	0	0	0	0	0
ENSG00000229032	0	0	0	0	0	0
ENSG00000264613	0	0	0	0	0	0
ENSG00000117862	113	148	118	262	219	252
ENSG00000285839	0	0	0	0	0	0
ENSG00000198841	245	278	210	150	122	110
ENSG00000223390	0	0	0	0	0	1
ENSG00000228369	0	0	0	0	0	0
ENSG00000134717	1807	2070	1692	2627	1854	1884
ENSG00000157077	714	854	654	914	742	794
ENSG00000241745	0	0	0	0	0	0
ENSG00000228407	0	0	0	0	0	0
ENSG00000223429	0	0	0	0	0	0
ENSG00000224255	0	0	0	0	0	0
ENSG00000236004	0	0	0	0	0	0
ENSG00000237663	0	0	0	0	0	0
ENSG00000213735	0	0	0	0	0	0
ENSG00000154222	1568	1670	1179	704	836	597
ENSG00000272100	4	7	4	2	2	1
ENSG00000287078	6	2	0	3	0	3
ENSG00000224680	3	2	2	0	1	0
ENSG00000085840	281	374	259	1855	1665	1569
ENSG00000134748	1944	2090	1382	2897	2468	2191
ENSG00000134744	2850	2996	2043	3068	2795	2224
ENSG00000272371	0	0	0	0	1	0
ENSG00000236290	0	0	0	0	0	0
ENSG00000116157	129	162	120	151	121	169
ENSG00000182183	0	0	0	0	0	0
ENSG00000162377	2544	3422	2420	2591	2224	2102
ENSG00000233664	0	1	0	0	0	0
ENSG00000239640	0	0	0	0	0	0
ENSG00000162378	280	356	325	494	386	381
ENSG00000252018	0	0	0	0	0	0
ENSG00000228929	2	2	1	4	2	1
ENSG00000206627	0	0	0	0	0	0
ENSG00000203995	0	0	0	1	0	0
ENSG00000242391	0	0	0	0	0	0
ENSG00000121310	2216	2375	1516	1262	2259	972
ENSG00000230953	0	0	0	0	0	0
ENSG00000231866	0	0	0	0	0	0
ENSG00000116171	2350	2516	1801	2063	1970	1655
ENSG00000264834	0	0	0	0	0	0
ENSG00000266188	0	0	0	0	0	0
ENSG00000265815	0	0	0	0	0	0
ENSG00000237279	0	0	0	0	0	0
ENSG00000236360	1	3	0	4	0	2
ENSG00000226147	0	0	0	0	0	0
ENSG00000174348	0	0	5	0	0	0
ENSG00000232993	0	0	0	0	0	0
ENSG00000227644	0	0	0	0	0	0
ENSG00000162383	200	198	122	10	23	15
ENSG00000235563	14	5	5	0	1	0
ENSG00000277397	0	1	0	0	0	0
ENSG00000157184	819	830	602	873	750	704
ENSG00000236723	31	21	21	14	8	11
ENSG00000162384	1494	1436	1032	975	1055	836
ENSG00000259818	1	0	0	0	0	0
ENSG00000162385	1790	1616	1204	1897	1392	1462
ENSG00000226754	28	17	16	10	5	6
ENSG00000157193	1145	1456	972	2372	2415	1805
ENSG00000234578	0	0	0	0	0	0
ENSG00000228838	0	0	0	0	0	1
ENSG00000232762	0	0	0	0	0	0
ENSG00000225675	0	5	0	1	3	3
ENSG00000285954	0	0	0	0	0	1
ENSG00000226938	0	0	0	0	0	0
ENSG00000230138	0	0	0	0	0	0
ENSG00000236253	0	0	0	0	0	0
ENSG00000288527	0	0	0	0	0	0
ENSG00000143006	0	0	0	0	0	0
ENSG00000174332	0	0	1	0	0	1
ENSG00000239007	0	0	0	0	0	0
ENSG00000058804	1318	1846	1262	4147	3470	3127
ENSG00000201003	0	0	0	0	0	0
ENSG00000229687	0	0	0	0	0	0
ENSG00000058799	994	1161	776	651	567	532
ENSG00000211452	57	57	32	77	30	40
ENSG00000081870	663	560	396	1054	937	817
ENSG00000116212	1653	1652	1119	1499	1239	1298
ENSG00000219102	7	11	3	16	20	22
ENSG00000203985	393	378	259	88	119	95
ENSG00000116209	3984	3822	2707	3233	2550	2652
ENSG00000280378	4	8	1	0	4	0
ENSG00000116205	315	411	314	494	562	405
ENSG00000283749	0	0	0	0	0	0
ENSG00000225183	0	0	0	1	0	0
ENSG00000279049	0	0	0	0	0	0
ENSG00000256407	0	0	0	0	0	0
ENSG00000157211	0	0	0	0	0	0
ENSG00000280425	0	0	0	0	0	0
ENSG00000215883	294	344	257	311	448	255
ENSG00000116221	4533	5282	3668	5922	4752	4844
ENSG00000157216	1043	1113	846	1561	1149	1179
ENSG00000198711	4	4	1	1	2	0
ENSG00000225632	0	0	0	0	0	0
ENSG00000232245	0	0	0	0	0	0
ENSG00000287582	0	0	0	0	0	0
ENSG00000235741	0	0	0	0	0	0
ENSG00000237173	0	0	0	0	0	0
ENSG00000227453	0	0	0	0	0	0
ENSG00000162390	131	185	117	178	168	169
ENSG00000162391	1	0	0	5	4	6
ENSG00000230728	0	0	0	0	0	0
ENSG00000184313	0	0	0	0	0	0
ENSG00000271723	0	0	0	0	0	0
ENSG00000243725	19	13	8	20	19	17
ENSG00000162396	221	332	205	245	224	201
ENSG00000006555	0	0	0	0	0	0
ENSG00000237453	0	0	0	0	0	0
ENSG00000162398	0	0	0	0	0	0
ENSG00000116133	30908	37510	26220	51370	21151	42736
ENSG00000287724	0	5	3	6	2	2
ENSG00000242396	0	4	0	1	1	2
ENSG00000233203	2	8	13	2	2	0
ENSG00000284601	0	0	0	0	0	0
ENSG00000143001	0	0	0	0	0	0
ENSG00000233271	0	0	0	0	0	0
ENSG00000162399	0	0	1	0	0	0
ENSG00000169174	1666	1783	1314	12378	2022	13417
ENSG00000162402	4134	4306	3144	4329	3687	3197
ENSG00000231090	1	0	0	0	0	0
ENSG00000231095	0	0	0	0	0	0
ENSG00000265822	0	0	0	0	0	0
ENSG00000234810	0	0	0	1	0	0
ENSG00000231900	0	0	0	0	0	0
ENSG00000232198	0	0	0	0	0	0
ENSG00000199831	0	0	0	0	0	0
ENSG00000252162	0	0	0	0	0	0
ENSG00000272051	0	0	0	0	0	0
ENSG00000233079	0	0	0	0	0	0
ENSG00000230250	0	0	0	0	0	0
ENSG00000227104	0	0	0	0	0	0
ENSG00000235612	0	0	0	0	0	0
ENSG00000260971	6	0	4	1	0	0
ENSG00000284686	13	6	6	1	0	2
ENSG00000229871	0	0	0	0	0	0
ENSG00000223956	20	34	19	11	13	7
ENSG00000162407	1415	1509	1127	1743	1247	1500
ENSG00000236776	0	0	0	0	0	0
ENSG00000224980	0	0	0	0	0	0
ENSG00000225475	0	0	0	0	1	0
ENSG00000162409	1992	2053	1666	1075	1014	646
ENSG00000187889	145	123	117	137	218	74
ENSG00000229913	0	0	0	0	0	0
ENSG00000157131	414	423	255	1362	921	1067
ENSG00000021852	380	270	167	235	233	189
ENSG00000236341	0	1	0	0	0	0
ENSG00000173406	0	4	6	1	0	1
ENSG00000227935	0	0	0	0	0	0
ENSG00000236888	0	0	0	0	0	0
ENSG00000226759	0	0	0	0	0	0
ENSG00000229887	0	0	0	0	0	0
ENSG00000223416	1	0	0	1	0	0
ENSG00000235038	0	0	0	0	0	0
ENSG00000230546	0	0	0	0	0	0
ENSG00000233216	0	0	0	0	0	0
ENSG00000162600	287	360	305	235	248	173
ENSG00000286918	0	1	0	0	0	0
ENSG00000270209	0	0	0	0	0	0
ENSG00000264128	0	0	0	0	0	0
ENSG00000184292	0	0	0	0	0	1
ENSG00000185839	2	4	1	2	1	6
ENSG00000162601	2341	1956	1495	1543	2748	992
ENSG00000283445	1	0	0	1	0	0
ENSG00000177606	4988	4003	2998	608	480	650
ENSG00000234807	8	9	2	2	1	3
ENSG00000272226	0	0	3	0	1	0
ENSG00000231740	0	0	0	0	0	0
ENSG00000232453	16	17	10	0	3	2
ENSG00000237352	0	0	0	0	0	0
ENSG00000228121	0	0	0	1	0	1
ENSG00000241042	0	0	0	0	0	0
ENSG00000235215	0	0	0	0	0	0
ENSG00000224609	22	29	17	11	39	10
ENSG00000270457	0	0	1	1	1	0
ENSG00000172456	254	257	187	337	256	336
ENSG00000266150	0	0	0	0	0	0
ENSG00000226883	0	0	1	0	0	0
ENSG00000134709	1301	1362	1225	1758	1635	1234
ENSG00000134716	22	35	30	97	104	87
ENSG00000265535	0	0	0	0	0	0
ENSG00000162598	0	0	0	0	0	0
ENSG00000229332	0	0	0	0	0	0
ENSG00000238242	0	0	0	0	0	0
ENSG00000226476	2	8	2	0	0	1
ENSG00000231252	0	0	0	0	0	0
ENSG00000162599	1005	1207	836	637	613	471
ENSG00000237928	11	4	2	0	0	0
ENSG00000237853	0	0	0	0	0	0
ENSG00000284808	0	0	0	0	0	0
ENSG00000287224	0	0	0	0	0	0
ENSG00000223920	0	0	0	0	0	0
ENSG00000162604	628	588	394	463	396	410
ENSG00000271200	2	0	2	3	6	1
ENSG00000132849	1125	779	558	650	422	501
ENSG00000200575	0	0	0	0	0	0
ENSG00000212360	0	0	0	0	1	0
ENSG00000236646	0	0	0	0	0	0
ENSG00000242860	0	0	0	0	0	0
ENSG00000263908	0	0	0	0	0	0
ENSG00000283690	0	0	0	0	0	0
ENSG00000234204	0	0	0	0	0	0
ENSG00000234088	0	0	0	0	0	0
ENSG00000240563	0	0	0	0	1	0
ENSG00000237227	0	0	0	0	0	0
ENSG00000200174	0	0	0	0	0	0
ENSG00000132854	103	136	139	753	441	654
ENSG00000201153	0	0	0	0	0	0
ENSG00000162607	2275	3148	2433	4602	3494	3402
ENSG00000116641	2807	2640	1920	3901	2822	3031
ENSG00000270549	0	0	0	0	0	0
ENSG00000132855	26	18	7	7	5	2
ENSG00000278967	1	4	2	0	0	0
ENSG00000213703	4	4	0	0	1	0
ENSG00000235545	19	6	11	9	18	15
ENSG00000125703	346	415	325	419	362	277
ENSG00000234318	0	1	0	1	0	2
ENSG00000237163	0	0	0	0	0	0
ENSG00000229537	0	0	0	0	0	0
ENSG00000286455	0	0	0	0	0	0
ENSG00000227485	0	0	0	0	0	0
ENSG00000229225	0	0	0	0	0	0
ENSG00000203605	0	0	0	0	0	0
ENSG00000224209	0	0	0	0	0	0
ENSG00000252259	0	0	0	0	0	0
ENSG00000228734	0	0	0	0	0	0
ENSG00000223683	0	0	0	0	0	0
ENSG00000230798	0	0	0	0	0	0
ENSG00000187140	0	0	0	0	0	0
ENSG00000275836	0	0	0	0	0	0
ENSG00000252784	0	0	0	0	0	0
ENSG00000236674	0	0	0	0	0	0
ENSG00000088035	235	379	326	349	350	213
ENSG00000142856	589	663	505	1144	1134	838
ENSG00000286429	0	0	0	0	0	0
ENSG00000203965	163	216	162	225	228	160
ENSG00000264271	0	0	0	0	0	0
ENSG00000251720	0	0	0	0	0	0
ENSG00000116652	1	5	6	2	12	2
ENSG00000276884	0	0	0	0	0	0
ENSG00000278287	0	0	0	0	0	0
ENSG00000277565	0	0	0	0	0	0
ENSG00000275823	0	0	0	0	0	0
ENSG00000277689	0	0	0	0	0	0
ENSG00000274199	0	0	0	0	0	0
ENSG00000244256	6	8	5	3	5	0
ENSG00000185483	8	4	0	12	12	21
ENSG00000177452	0	0	0	0	0	0
ENSG00000228056	0	0	0	0	0	0
ENSG00000207190	0	0	0	0	0	0
ENSG00000200508	0	0	0	0	0	0
ENSG00000223949	0	0	0	0	0	0
ENSG00000284928	0	0	0	0	0	0
ENSG00000177414	0	0	0	0	0	0
ENSG00000238653	0	0	0	0	0	0
ENSG00000158966	3	8	0	4	1	6
ENSG00000264470	0	0	0	0	0	0
ENSG00000162437	91	137	76	278	241	166
ENSG00000162434	3763	3493	2555	2609	2171	1924
ENSG00000234784	0	0	0	0	0	0
ENSG00000233877	0	0	0	0	0	0
ENSG00000226891	1	0	3	2	0	0
ENSG00000185031	0	0	0	0	0	0
ENSG00000272506	0	0	0	0	0	0
ENSG00000212257	0	0	0	0	0	0
ENSG00000265996	0	0	0	0	0	0
ENSG00000199135	0	0	0	0	0	0
ENSG00000235804	0	0	0	0	0	0
ENSG00000234496	0	0	0	0	0	0
ENSG00000162433	4711	4451	3459	6991	5851	5335
ENSG00000231622	0	0	0	0	0	0
ENSG00000116675	220	238	241	369	295	331
ENSG00000229294	0	0	0	0	0	0
ENSG00000234144	0	0	0	0	0	0
ENSG00000222624	0	0	0	0	0	0
ENSG00000213625	1682	1757	1271	1997	1763	1465
ENSG00000116678	127	134	151	470	365	309
ENSG00000237852	5	2	1	2	2	1
ENSG00000224570	0	0	0	0	0	0
ENSG00000285079	0	0	0	0	0	0
ENSG00000239319	0	0	0	0	0	0
ENSG00000184588	0	0	0	0	0	0
ENSG00000227466	0	0	0	0	0	0
ENSG00000223152	0	0	0	0	0	0
ENSG00000118473	0	0	0	0	0	0
ENSG00000264720	0	0	0	0	0	0
ENSG00000248458	0	0	0	0	0	0
ENSG00000152760	0	0	0	0	0	0
ENSG00000172410	0	0	0	0	0	0
ENSG00000152763	22	24	16	18	16	9
ENSG00000231080	0	0	0	0	0	0
ENSG00000198160	1218	1340	1053	854	682	601
ENSG00000116704	976	1274	985	2301	1756	1799
ENSG00000203963	0	0	0	0	0	0
ENSG00000252433	0	0	0	0	0	0
ENSG00000275678	0	0	0	0	0	0
ENSG00000162594	0	0	0	2	0	0
ENSG00000253074	0	0	0	0	0	0
ENSG00000252116	0	0	0	0	0	0
ENSG00000228523	0	0	0	0	0	0
ENSG00000081985	0	0	0	0	0	0
ENSG00000142864	15014	18893	13549	20520	16009	16893
ENSG00000223263	0	0	0	0	0	0
ENSG00000235200	0	0	0	0	0	0
ENSG00000207504	0	0	0	0	2	0
ENSG00000238139	0	0	0	0	0	0
ENSG00000242482	0	0	0	0	0	0
ENSG00000232048	0	0	0	0	0	0
ENSG00000116717	3016	2813	2060	989	872	874
ENSG00000172380	68	65	55	1	4	6
ENSG00000238778	0	0	0	0	0	0
ENSG00000232284	0	1	0	0	0	0
ENSG00000235055	0	0	0	0	0	0
ENSG00000162595	0	0	0	0	0	0
ENSG00000228431	0	0	0	0	0	0
ENSG00000116729	0	0	0	0	0	0
ENSG00000234383	0	1	0	0	0	0
ENSG00000221203	0	0	0	0	0	0
ENSG00000229133	0	0	2	0	0	0
ENSG00000225242	0	0	0	0	0	0
ENSG00000237622	0	0	0	0	0	0
ENSG00000229440	0	0	0	0	0	0
ENSG00000116745	0	0	0	0	0	0
ENSG00000024526	157	292	239	1149	1269	796
ENSG00000233589	0	0	0	0	0	0
ENSG00000234264	0	5	2	3	2	0
ENSG00000225167	0	0	0	0	0	0
ENSG00000285041	0	0	0	0	0	0
ENSG00000285407	0	0	0	0	0	0
ENSG00000285473	0	0	0	0	0	0
ENSG00000223883	0	0	1	1	0	0
ENSG00000235446	0	0	0	0	0	0
ENSG00000229639	0	0	0	0	0	0
ENSG00000287453	0	0	0	0	0	0
ENSG00000033122	0	0	0	0	0	0
ENSG00000270615	0	0	0	0	0	0
ENSG00000287283	0	0	0	0	0	0
ENSG00000240692	0	0	0	0	0	0
ENSG00000229359	0	0	0	0	0	0
ENSG00000237919	0	0	0	0	0	0
ENSG00000066557	470	547	445	1235	1130	806
ENSG00000244389	0	0	0	0	1	0
ENSG00000116754	13356	11630	8789	6471	9996	4171
ENSG00000228988	0	0	0	0	0	0
ENSG00000118454	1116	984	737	804	764	693
ENSG00000197568	104	96	73	56	34	32
ENSG00000226088	0	0	0	0	0	0
ENSG00000116761	1601	1076	820	1331	602	1001
ENSG00000278636	0	0	0	0	0	0
ENSG00000271992	26	17	16	9	2	11
ENSG00000233020	0	0	0	0	0	0
ENSG00000237033	0	0	0	0	0	0
ENSG00000229051	0	0	0	0	0	0
ENSG00000226208	0	0	0	0	0	0
ENSG00000050628	2	1	3	0	0	0
ENSG00000235782	0	0	0	0	0	0
ENSG00000269933	0	0	0	0	0	0
ENSG00000235079	0	0	0	1	0	0
ENSG00000132485	2725	2710	2226	2529	3453	1588
ENSG00000207721	2	4	5	2	7	1
ENSG00000229956	13	19	13	19	28	12
ENSG00000226324	0	0	0	0	0	0
ENSG00000172260	18	12	13	4	3	0
ENSG00000231985	0	0	0	0	0	0
ENSG00000271618	0	0	0	0	0	0
ENSG00000228853	0	0	0	0	0	0
ENSG00000233994	1	2	3	3	2	3
ENSG00000286863	0	1	0	1	0	0
ENSG00000227207	0	0	0	0	0	0
ENSG00000225087	0	0	0	0	0	0
ENSG00000212366	0	0	0	0	0	0
ENSG00000227016	0	0	0	0	0	0
ENSG00000285808	0	0	0	0	0	0
ENSG00000280317	0	0	0	0	0	0
ENSG00000229636	0	0	0	0	0	0
ENSG00000251825	0	0	0	0	0	0
ENSG00000233973	0	0	0	0	0	0
ENSG00000223479	0	0	0	0	0	0
ENSG00000200601	0	0	0	0	0	0
ENSG00000285778	0	0	0	0	0	0
ENSG00000252005	0	0	0	0	0	0
ENSG00000162620	29	78	52	35	40	45
ENSG00000254685	111	219	220	162	166	76
ENSG00000259030	3	14	6	6	8	5
ENSG00000116783	1	1	2	0	0	1
ENSG00000237324	0	0	0	0	0	0
ENSG00000233894	0	0	0	0	0	0
ENSG00000162621	0	0	0	0	0	0
ENSG00000178965	38	15	10	0	0	3
ENSG00000234497	0	0	0	0	0	0
ENSG00000272864	5	24	14	3	6	2
ENSG00000116791	3905	4137	3486	3581	3378	2676
ENSG00000162623	1665	1891	1263	2141	1895	1670
ENSG00000229943	0	0	0	0	0	0
ENSG00000261213	0	0	0	0	0	0
ENSG00000224127	0	0	0	0	0	0
ENSG00000162624	0	0	0	0	0	0
ENSG00000224149	0	0	0	0	0	0
ENSG00000206999	0	0	0	0	0	0
ENSG00000137968	541	541	386	707	718	425
ENSG00000224493	0	0	0	0	0	0
ENSG00000252338	0	0	0	0	0	0
ENSG00000213579	0	0	0	0	0	0
ENSG00000230863	47	45	33	45	30	31
ENSG00000117054	2403	2077	1683	3618	2733	2740
ENSG00000181227	1	0	0	0	0	0
ENSG00000137955	6844	6282	4689	7726	11472	5699
ENSG00000206620	0	0	0	0	0	0
ENSG00000207241	0	0	0	0	0	0
ENSG00000201487	0	0	0	0	0	0
ENSG00000057468	0	0	2	1	2	0
ENSG00000154007	0	0	0	0	0	0
ENSG00000225605	0	0	0	0	0	0
ENSG00000230027	0	0	0	0	0	0
ENSG00000184005	0	0	0	0	0	0
ENSG00000223905	0	0	0	0	0	0
ENSG00000272855	0	0	0	0	0	0
ENSG00000226415	4	4	2	6	8	5
ENSG00000199921	0	0	0	0	0	0
ENSG00000237552	0	0	0	0	0	0
ENSG00000117069	1	0	0	0	0	0
ENSG00000276081	0	0	0	0	0	0
ENSG00000288543	0	0	0	0	0	0
ENSG00000230498	0	0	0	0	0	0
ENSG00000142892	618	811	638	1119	822	873
ENSG00000226084	108	90	80	66	48	57
ENSG00000228187	0	0	0	0	0	0
ENSG00000287870	0	0	0	0	0	0
ENSG00000154027	0	0	0	0	0	0
ENSG00000233099	0	0	0	0	0	0
ENSG00000251767	0	0	0	0	0	0
ENSG00000287647	0	0	0	0	0	0
ENSG00000036549	1911	2095	1556	2186	1568	1542
ENSG00000251785	0	0	0	0	0	0
ENSG00000243437	0	0	0	0	0	0
ENSG00000077254	1483	1463	1146	2092	1567	1346
ENSG00000232672	0	0	0	0	0	0
ENSG00000180488	227	273	235	341	289	234
ENSG00000222849	0	0	0	0	0	0
ENSG00000219201	0	1	1	0	0	1
ENSG00000235613	1	0	0	0	0	0
ENSG00000232015	0	0	0	0	0	0
ENSG00000235927	0	3	0	0	2	0
ENSG00000162614	72	58	46	29	23	18
ENSG00000162613	4365	4811	3816	6615	6647	5154
ENSG00000162616	691	651	538	557	485	352
ENSG00000137960	852	911	708	1136	1090	855
ENSG00000273338	10	20	19	6	14	1
ENSG00000285928	0	0	0	0	0	0
ENSG00000213561	2	3	1	0	1	2
ENSG00000251958	0	0	0	0	0	0
ENSG00000213560	1	0	1	3	0	0
ENSG00000202263	0	0	0	0	0	0
ENSG00000233333	0	0	0	0	0	0
ENSG00000237413	8	14	7	0	2	1
ENSG00000122420	0	0	0	0	0	0
ENSG00000227556	0	0	0	0	0	0
ENSG00000212308	0	0	0	0	0	0
ENSG00000137959	0	0	0	0	1	0
ENSG00000137965	0	0	0	0	0	0
ENSG00000238015	0	0	0	0	0	0
ENSG00000235400	0	0	0	0	0	0
ENSG00000162618	0	0	0	0	0	0
ENSG00000230787	0	0	0	0	0	0
ENSG00000282898	0	0	0	0	0	0
ENSG00000235011	0	0	0	0	0	0
ENSG00000285462	0	0	0	0	0	0
ENSG00000232676	0	0	0	0	0	0
ENSG00000285409	0	0	0	0	0	0
ENSG00000235756	0	0	0	0	0	0
ENSG00000260322	0	0	0	0	0	0
ENSG00000277670	0	0	0	0	0	0
ENSG00000236407	0	0	0	0	0	0
ENSG00000225598	0	0	0	0	0	0
ENSG00000213559	0	0	0	0	0	0
ENSG00000227062	0	0	0	0	0	0
ENSG00000234108	0	0	0	0	0	0
ENSG00000224326	0	0	0	0	0	0
ENSG00000234184	0	0	0	0	0	0
ENSG00000227937	0	0	0	0	0	0
ENSG00000229752	1	0	0	0	0	0
ENSG00000235089	0	0	0	0	0	0
ENSG00000285179	0	0	0	0	0	0
ENSG00000223026	0	0	0	0	0	0
ENSG00000117114	35	55	57	21	5	8
ENSG00000224494	0	0	0	0	0	0
ENSG00000227288	1	2	0	0	1	0
ENSG00000227960	0	0	0	0	0	0
ENSG00000234953	0	0	0	0	0	0
ENSG00000242598	0	0	0	0	0	0
ENSG00000236676	0	0	0	0	0	0
ENSG00000234683	0	0	0	0	0	0
ENSG00000215875	0	0	0	0	0	0
ENSG00000233290	0	0	0	0	0	0
ENSG00000230817	0	0	0	0	0	0
ENSG00000236268	0	0	0	0	0	0
ENSG00000285782	0	0	0	0	0	0
ENSG00000231364	0	0	0	0	0	0
ENSG00000233008	0	0	0	0	0	0
ENSG00000237076	0	0	0	0	0	0
ENSG00000137941	23	8	6	8	4	4
ENSG00000233061	0	0	0	0	0	0
ENSG00000229486	0	0	0	0	0	0
ENSG00000285201	0	0	0	0	0	0
ENSG00000271576	66	97	87	72	133	71
ENSG00000142875	286	336	291	482	386	320
ENSG00000213540	0	1	2	0	0	0
ENSG00000226970	1	1	0	0	0	0
ENSG00000199959	0	0	0	0	0	0
ENSG00000203943	0	2	0	1	3	1
ENSG00000249237	0	0	0	0	0	0
ENSG00000240520	0	4	0	0	0	0
ENSG00000137976	0	0	0	0	0	0
ENSG00000285361	0	0	0	0	0	0
ENSG00000117133	1415	1404	981	1326	1093	979
ENSG00000174021	160	225	142	168	168	209
ENSG00000285851	4	4	4	0	0	0
ENSG00000122432	103	47	49	35	22	16
ENSG00000117151	226	238	184	220	163	167
ENSG00000284882	6	9	3	2	3	0
ENSG00000285374	0	0	0	0	0	0
ENSG00000180869	0	0	0	0	0	0
ENSG00000232622	0	0	0	0	0	0
ENSG00000117155	587	768	533	1227	1004	912
ENSG00000285325	0	0	0	0	0	0
ENSG00000171517	0	0	0	0	0	0
ENSG00000153898	1	0	0	1	0	0
ENSG00000162643	0	0	0	0	0	0
ENSG00000055732	3	7	2	0	0	0
ENSG00000266110	0	0	0	0	0	0
ENSG00000280099	69	80	50	4	8	16
ENSG00000097096	94	104	83	209	120	126
ENSG00000162642	756	765	653	568	487	442
ENSG00000223254	0	0	0	0	0	0
ENSG00000142867	633	746	585	287	222	202
ENSG00000223653	3	2	4	3	4	5
ENSG00000153904	2367	2491	1965	3005	2221	2242
ENSG00000199459	0	0	0	0	0	0
ENSG00000273264	0	1	2	0	0	2
ENSG00000282057	0	0	0	1	0	1
ENSG00000272691	1	2	1	0	1	0
ENSG00000142871	3146	2367	1721	590	536	520
ENSG00000199934	0	0	0	0	0	0
ENSG00000230285	0	0	0	0	0	0
ENSG00000117174	1067	1280	942	959	829	698
ENSG00000171502	3	2	0	1	1	1
ENSG00000201620	0	0	0	0	0	0
ENSG00000229505	0	0	0	0	0	0
ENSG00000285210	0	0	0	0	0	0
ENSG00000122417	2	0	0	0	0	0
ENSG00000278281	0	0	0	0	0	0
ENSG00000231349	0	0	0	0	0	0
ENSG00000137975	0	0	0	0	0	0
ENSG00000016490	0	0	0	0	0	0
ENSG00000016602	0	0	0	0	0	0
ENSG00000224466	0	0	0	0	0	0
ENSG00000236915	4	1	2	0	0	0
ENSG00000153923	0	0	0	0	0	0
ENSG00000261737	17	17	16	21	12	24
ENSG00000097033	5105	5638	4108	2653	1992	1894
ENSG00000230721	1	0	1	2	0	1
ENSG00000284846	0	0	0	0	1	0
ENSG00000183291	4483	4118	3145	3630	2897	2725
ENSG00000153936	3353	4380	3620	3775	2846	2616
ENSG00000267734	0	0	0	0	0	0
ENSG00000267561	2	0	0	0	0	0
ENSG00000235251	0	0	0	0	0	0
ENSG00000225568	0	0	0	0	0	1
ENSG00000267272	17	22	11	2	4	3
ENSG00000284240	0	0	0	0	0	0
ENSG00000143013	1955	2391	1690	2579	1782	2079
ENSG00000227290	0	0	0	0	0	0
ENSG00000199318	0	0	0	0	0	0
ENSG00000237505	78	71	51	5	3	1
ENSG00000279778	0	0	1	0	0	0
ENSG00000270507	0	0	0	0	0	0
ENSG00000286758	0	0	0	0	0	0
ENSG00000239504	0	0	0	0	0	0
ENSG00000230053	0	0	0	0	0	0
ENSG00000274321	0	0	0	0	0	0
ENSG00000237959	0	0	0	0	0	0
ENSG00000065243	1467	1716	1505	2383	2109	1480
ENSG00000207234	0	0	0	0	1	0
ENSG00000241975	8	6	4	12	22	8
ENSG00000137947	1601	1319	850	1070	700	921
ENSG00000235308	0	0	0	0	0	0
ENSG00000137944	1306	1340	962	1359	883	1036
ENSG00000213516	440	523	416	635	661	485
ENSG00000117226	10	6	8	1	2	0
ENSG00000202385	0	0	0	0	0	0
ENSG00000117228	62	33	21	8	7	6
ENSG00000234518	11	14	2	20	29	12
ENSG00000162645	391	193	127	48	40	43
ENSG00000286802	0	1	0	0	0	0
ENSG00000213512	0	0	0	0	0	0
ENSG00000162654	0	0	0	0	0	0
ENSG00000284734	0	0	0	0	0	0
ENSG00000284637	0	0	0	0	0	0
ENSG00000154451	0	0	0	0	0	0
ENSG00000237568	0	0	0	0	0	0
ENSG00000238081	0	0	0	0	0	0
ENSG00000233235	0	0	0	0	0	0
ENSG00000183347	0	0	0	0	0	0
ENSG00000215874	0	0	0	0	0	0
ENSG00000225492	0	0	0	0	0	0
ENSG00000286548	55	45	33	24	27	20
ENSG00000197147	614	1001	812	1135	817	793
ENSG00000288629	0	0	0	0	0	0
ENSG00000231999	32	64	50	43	51	32
ENSG00000230735	0	0	0	0	0	0
ENSG00000171488	446	503	396	341	255	238
ENSG00000271949	0	0	0	0	0	0
ENSG00000226394	0	0	0	0	0	0
ENSG00000231613	2	2	2	1	0	0
ENSG00000272931	101	88	80	59	69	67
ENSG00000171492	3024	3660	2581	3046	2013	2253
ENSG00000272672	1	0	0	1	0	0
ENSG00000252797	0	0	0	0	0	0
ENSG00000228175	54	66	42	49	50	39
ENSG00000162664	1007	1151	770	1065	1410	765
ENSG00000287015	0	0	0	0	0	0
ENSG00000287406	0	0	0	0	0	1
ENSG00000212459	0	0	0	0	0	0
ENSG00000287372	0	0	0	0	0	0
ENSG00000229201	0	0	0	0	0	0
ENSG00000199666	0	0	0	0	0	0
ENSG00000143032	0	0	0	0	0	0
ENSG00000287076	0	0	0	0	0	0
ENSG00000233593	240	222	157	186	189	159
ENSG00000285532	0	0	0	0	0	0
ENSG00000225446	0	3	0	1	2	1
ENSG00000272094	0	0	0	0	0	0
ENSG00000232882	8	3	4	2	1	1
ENSG00000122482	1871	1992	1716	1411	1084	942
ENSG00000232393	0	0	0	0	0	0
ENSG00000162669	1	7	3	27	38	14
ENSG00000206817	0	0	0	0	0	0
ENSG00000215873	0	0	0	0	0	0
ENSG00000097046	273	270	199	368	440	337
ENSG00000241318	0	0	0	0	0	0
ENSG00000229067	0	0	0	0	0	0
ENSG00000203914	0	0	0	0	0	0
ENSG00000069702	1379	1146	966	1923	1504	1450
ENSG00000239794	0	0	0	0	0	0
ENSG00000137948	2	0	1	0	0	0
ENSG00000172031	0	0	0	0	0	0
ENSG00000233228	0	0	0	0	0	0
ENSG00000230667	0	1	1	0	0	0
ENSG00000189195	20	19	13	12	19	10
ENSG00000224678	0	0	0	0	0	0
ENSG00000233401	0	0	0	0	0	0
ENSG00000273487	0	0	0	0	0	0
ENSG00000226773	0	0	0	0	0	0
ENSG00000203910	0	0	0	0	0	0
ENSG00000233125	0	0	0	0	0	0
ENSG00000174842	190	305	183	293	357	206
ENSG00000122484	563	584	414	616	586	442
ENSG00000242764	0	0	0	0	0	0
ENSG00000162676	413	193	171	127	140	92
ENSG00000067208	338	419	317	330	225	237
ENSG00000223787	2	0	0	1	0	1
ENSG00000229992	1	0	1	0	0	0
ENSG00000201317	0	0	0	0	0	0
ENSG00000225505	0	0	0	0	0	0
ENSG00000234202	0	0	0	0	0	0
ENSG00000223896	0	0	0	0	0	0
ENSG00000122406	65521	60206	40293	46259	28642	37818
ENSG00000154511	501	611	423	547	419	404
ENSG00000206680	0	0	0	0	0	0
ENSG00000207523	4	7	2	3	24	6
ENSG00000207022	0	0	0	0	0	1
ENSG00000229052	0	1	3	0	0	0
ENSG00000252121	0	0	0	0	0	0
ENSG00000239710	0	0	0	0	0	0
ENSG00000287797	0	0	2	0	0	0
ENSG00000252752	0	0	0	0	0	0
ENSG00000222664	0	0	0	0	0	0
ENSG00000251837	0	0	0	0	0	0
ENSG00000143033	709	846	558	1124	1000	822
ENSG00000117500	5013	5079	4090	4604	4035	3260
ENSG00000122483	478	390	252	645	784	539
ENSG00000237003	0	0	0	0	0	0
ENSG00000225297	0	0	0	0	0	0
ENSG00000223745	169	206	105	82	120	34
ENSG00000229567	3	1	0	1	0	2
ENSG00000117505	1060	1323	1054	1023	780	726
ENSG00000229635	0	0	0	0	0	0
ENSG00000207379	0	0	0	0	0	0
ENSG00000137942	1432	1549	1253	1771	1238	1333
ENSG00000212601	0	0	0	0	0	0
ENSG00000137936	456	474	321	383	261	319
ENSG00000224093	674	572	406	493	433	317
ENSG00000211575	1	0	0	0	0	0
ENSG00000260464	8	6	5	7	12	13
ENSG00000067334	2228	2295	1487	1656	1676	1276
ENSG00000023909	1131	879	653	1363	839	992
ENSG00000223490	0	0	0	0	0	0
ENSG00000234099	0	0	0	0	0	0
ENSG00000235794	0	0	0	0	0	0
ENSG00000232752	0	0	0	0	0	0
ENSG00000229842	0	0	0	0	0	0
ENSG00000250890	0	0	0	0	0	0
ENSG00000236689	0	0	0	0	0	0
ENSG00000226960	0	0	0	0	0	0
ENSG00000233129	0	0	0	0	0	0
ENSG00000198691	27	30	15	15	20	14
ENSG00000233482	0	0	0	0	0	0
ENSG00000137962	753	922	791	1006	1198	663
ENSG00000264963	0	0	0	0	0	0
ENSG00000226835	0	4	2	2	1	1
ENSG00000178596	0	0	0	0	0	0
ENSG00000236098	1	3	0	0	0	0
ENSG00000232918	0	0	0	0	0	0
ENSG00000286692	0	0	1	0	0	0
ENSG00000117528	1982	1994	1531	3444	3734	2369
ENSG00000117525	334	237	197	290	291	205
ENSG00000223675	0	0	0	0	0	0
ENSG00000224081	85	47	27	38	31	27
ENSG00000232857	0	0	0	0	0	0
ENSG00000263526	2	0	0	0	1	0
ENSG00000143036	273	238	168	181	170	163
ENSG00000117519	3082	2610	1859	5282	3561	4212
ENSG00000235501	196	208	125	364	235	285
ENSG00000172339	737	784	524	561	437	456
ENSG00000230427	0	0	0	0	0	0
ENSG00000152078	578	630	567	374	264	236
ENSG00000271092	1	6	7	1	2	2
ENSG00000231992	2	0	0	0	1	1
ENSG00000206679	0	0	0	0	0	0
ENSG00000226026	3	1	1	2	2	1
ENSG00000122481	114	119	84	26	43	21
ENSG00000228852	0	0	0	0	0	0
ENSG00000287919	0	0	1	0	0	0
ENSG00000228504	0	0	0	0	0	0
ENSG00000230434	0	0	0	0	0	0
ENSG00000237954	0	0	0	0	0	0
ENSG00000233907	0	0	0	0	0	0
ENSG00000228971	0	0	0	0	0	0
ENSG00000271252	0	0	0	0	0	0
ENSG00000237435	0	0	0	0	0	0
ENSG00000200800	0	0	0	0	0	0
ENSG00000231987	0	0	0	0	0	0
ENSG00000225923	0	0	0	0	0	0
ENSG00000234422	0	0	0	0	0	0
ENSG00000228502	11	13	12	11	13	15
ENSG00000241992	0	0	0	0	0	0
ENSG00000234226	2	2	2	2	8	10
ENSG00000137970	49	42	49	27	35	35
ENSG00000223229	0	0	0	0	0	0
ENSG00000117569	453	487	364	330	316	209
ENSG00000188641	17	15	8	124	79	105
ENSG00000232878	0	0	0	0	0	0
ENSG00000232542	0	0	0	0	0	0
ENSG00000228057	6	8	8	7	3	9
ENSG00000226128	0	0	0	0	0	0
ENSG00000230718	0	0	0	0	0	0
ENSG00000235777	0	0	0	0	0	0
ENSG00000270911	0	0	0	0	0	0
ENSG00000225206	0	0	0	0	0	0
ENSG00000259946	0	0	0	0	0	0
ENSG00000284247	0	0	0	0	0	0
ENSG00000284202	0	0	0	0	0	0
ENSG00000285922	0	0	0	0	0	0
ENSG00000233557	0	0	0	0	0	0
ENSG00000226053	0	0	0	0	0	0
ENSG00000280040	0	2	1	0	3	2
ENSG00000162627	576	696	482	756	580	606
ENSG00000117598	0	0	0	0	0	0
ENSG00000232825	0	0	0	0	0	0
ENSG00000227034	1	1	0	0	0	0
ENSG00000117600	0	0	0	0	0	0
ENSG00000233983	0	0	0	0	0	0
ENSG00000224445	2	1	0	0	0	0
ENSG00000099260	566	450	288	130	78	94
ENSG00000223656	1	0	1	0	0	0
ENSG00000156869	516	651	538	389	322	262
ENSG00000201491	0	0	0	0	0	0
ENSG00000202254	0	0	0	0	0	0
ENSG00000231996	0	0	0	0	0	0
ENSG00000162688	548	603	489	838	786	525
ENSG00000228084	4	6	1	2	6	6
ENSG00000117620	380	356	333	356	347	199
ENSG00000283761	1	0	1	0	1	1
ENSG00000212248	0	0	0	0	0	0
ENSG00000202259	0	0	0	0	0	0
ENSG00000156875	2	6	6	40	30	24
ENSG00000241073	0	0	0	0	0	0
ENSG00000156876	353	344	296	629	582	371
ENSG00000226952	0	0	0	0	0	0
ENSG00000122435	410	512	447	401	509	291
ENSG00000122477	45	27	20	8	19	10
ENSG00000137992	261	313	260	442	393	339
ENSG00000271415	0	0	0	0	0	0
ENSG00000225169	0	0	0	0	0	0
ENSG00000285530	0	0	0	0	0	0
ENSG00000230287	0	0	0	0	0	0
ENSG00000224616	40	50	29	9	26	10
ENSG00000137996	1176	1248	881	991	829	785
ENSG00000207750	0	0	0	1	0	0
ENSG00000215871	0	0	0	0	0	0
ENSG00000223906	0	0	0	0	0	0
ENSG00000079335	124	187	125	139	116	127
ENSG00000234332	0	0	0	0	0	0
ENSG00000228086	0	0	0	0	0	0
ENSG00000181656	0	0	0	0	0	0
ENSG00000213421	0	0	0	0	0	0
ENSG00000230402	0	0	0	0	0	0
ENSG00000285525	0	0	0	0	0	0
ENSG00000224685	0	0	0	0	0	0
ENSG00000162692	0	0	0	0	0	0
ENSG00000162694	600	709	554	577	628	364
ENSG00000273204	15	16	6	12	14	9
ENSG00000162695	1041	1122	883	662	565	381
ENSG00000230946	0	0	0	0	0	0
ENSG00000117543	1182	1406	867	1187	816	884
ENSG00000235795	9	12	1	0	1	4
ENSG00000233184	174	178	132	73	85	52
ENSG00000252765	0	0	0	0	0	0
ENSG00000271578	0	0	0	0	0	0
ENSG00000225938	0	0	0	0	0	0
ENSG00000170989	2	0	0	0	0	0
ENSG00000228399	1	0	0	0	0	0
ENSG00000173810	0	0	0	0	0	0
ENSG00000231671	0	0	0	0	0	0
ENSG00000226715	0	0	0	0	0	0
ENSG00000252530	0	0	0	0	0	0
ENSG00000183298	74	57	21	61	56	68
ENSG00000118733	0	0	0	0	0	0
ENSG00000252717	0	0	0	0	0	0
ENSG00000271277	0	0	0	0	0	0
ENSG00000162699	0	0	0	0	0	0
ENSG00000233359	0	0	0	0	0	0
ENSG00000230864	0	0	0	0	0	0
ENSG00000060718	0	0	0	1	0	0
ENSG00000234257	0	0	0	0	0	0
ENSG00000230759	0	0	0	0	0	0
ENSG00000224613	0	0	0	0	0	0
ENSG00000222069	0	0	0	0	0	0
ENSG00000185946	283	284	256	243	376	175
ENSG00000240038	54	55	21	9	10	5
ENSG00000236085	0	0	0	0	0	0
ENSG00000243480	0	0	0	0	0	0
ENSG00000237763	0	0	0	0	0	0
ENSG00000234441	0	0	0	0	0	0
ENSG00000174876	0	0	0	0	0	0
ENSG00000227408	0	0	0	0	0	0
ENSG00000187733	0	0	0	0	0	0
ENSG00000225191	1	0	0	0	0	0
ENSG00000215869	0	0	0	0	0	0
ENSG00000228347	0	2	1	0	0	0
ENSG00000285981	0	0	0	0	0	0
ENSG00000225036	0	0	0	0	0	0
ENSG00000230768	0	0	0	0	0	0
ENSG00000227850	0	0	0	0	0	0
ENSG00000237897	0	0	0	0	0	1
ENSG00000232952	0	1	0	1	0	1
ENSG00000233047	0	0	0	0	0	0
ENSG00000237480	0	0	0	0	0	0
ENSG00000230932	0	0	0	0	0	0
ENSG00000270342	0	0	0	0	0	0
ENSG00000270976	0	0	0	0	0	0
ENSG00000233449	0	0	0	0	0	0
ENSG00000232551	0	0	0	0	0	0
ENSG00000105220	90000	80000	100000	4500	4000	5000
ENSG00000079739	40000	30000	35000	4000	3000	3500
ENSG00000149925	400	478	390	12	9	10
ENSG00000109107	5555	7777	5678	100	50	75
